# set: 0001 config: 0000  energy: 3.222345e-02 eV/at
      0.0703229       0.1453572       0.0054977      -1.44134276e-02 -6.03606104e-02  1.87445977e-02 
      0.0081595       0.1426096       0.0034433      -3.79226256e-03 -5.98067887e-02  2.71169480e-02 
      0.1214356       0.0319650       0.0096920      -4.32626206e-02 -9.34652859e-03  1.01155832e-03 
      0.0057935       0.0460499       0.0436285       1.27013093e-02 -2.43974521e-02 -1.86569124e-02 
      0.0157887       0.0267599       0.0274275       7.93885783e-03  3.11769692e-02  2.63182796e-02 
      0.0562256       0.0501665       0.0515592      -4.60863426e-03  7.67670423e-04 -2.37605151e-02 
      0.0280837      -0.1122765       0.0602600       1.77403292e-02  1.01052655e-01 -3.24654533e-02 
      0.0054471       0.0012003      -0.0181954       2.76964490e-02  2.09140846e-02  1.69149715e-03 
# set: 0002 config: 0000  energy: 3.222345e-02 eV/at
      0.0703229       0.1453572       0.0054977      -1.44134276e-02 -6.03606104e-02  1.87445977e-02 
      0.0081595       0.1426096       0.0034433      -3.79226256e-03 -5.98067887e-02  2.71169480e-02 
      0.1214356       0.0319650       0.0096920      -4.32626206e-02 -9.34652859e-03  1.01155832e-03 
      0.0057935       0.0460499       0.0436285       1.27013093e-02 -2.43974521e-02 -1.86569124e-02 
      0.0157887       0.0267599       0.0274275       7.93885783e-03  3.11769692e-02  2.63182796e-02 
      0.0562256       0.0501665       0.0515592      -4.60863426e-03  7.67670423e-04 -2.37605151e-02 
      0.0280837      -0.1122765       0.0602600       1.77403292e-02  1.01052655e-01 -3.24654533e-02 
      0.0054471       0.0012003      -0.0181954       2.76964490e-02  2.09140846e-02  1.69149715e-03 
# set: 0003 config: 0001  energy: 4.457752e-02 eV/at
      0.0881978       0.0360713      -0.0494495      -3.21242745e-02 -1.29675320e-02  5.03829995e-02 
     -0.0361582      -0.0359056       0.0899694       3.51839753e-02  1.02815777e-02 -4.53316495e-02 
      0.0030507       0.0210143       0.0859967       2.98807622e-02 -1.46163175e-02 -5.15997569e-02 
     -0.0358027       0.0158418      -0.0969749       3.76926306e-02  1.21366233e-02  4.35514021e-02 
      0.1034882       0.0612002       0.0462714      -3.24314104e-02 -3.52270098e-02 -3.66360900e-02 
      0.0000156       0.0214593      -0.0644738       1.87919789e-03  1.43595192e-02  4.44203866e-02 
      0.0618890       0.0627209      -0.0649211      -1.83342828e-02 -4.31723648e-02  6.04213995e-02 
      0.0680911      -0.0936548       0.0794186      -2.17465988e-02  6.92055034e-02 -6.52086917e-02 
# set: 0004 config: 0002  energy: 4.346027e-02 eV/at
     -0.1022266      -0.1097310      -0.0386656       4.51104067e-02  4.57144633e-02  3.05019107e-02 
      0.0269102      -0.0328929       0.1209768       2.82898367e-02 -2.26345938e-03 -8.07122128e-02 
      0.0240542       0.0963345      -0.0039754      -3.72389075e-03 -4.00202438e-02 -6.72202071e-03 
      0.0010585       0.0301104      -0.1144571       1.94881621e-02 -1.00249082e-02  3.58760210e-02 
      0.0681419      -0.0226666      -0.1045173      -3.47034727e-02  4.37857700e-03  1.54488702e-02 
     -0.0341434       0.0191347       0.0151184       3.53371010e-02  1.92673258e-02 -1.70114842e-02 
      0.1400866       0.0706830      -0.0987263      -5.98639420e-02 -3.08625540e-02  3.91754430e-02 
      0.0203812      -0.0605140       0.0649123      -2.99342012e-02  1.38107991e-02 -1.65565277e-02 
# set: 0005 config: 0003  energy: 3.358609e-02 eV/at
      0.0704640      -0.0097535       0.0574739      -1.58100568e-02  1.61759125e-02 -3.12450360e-02 
      0.0959913       0.0533211      -0.0270616      -3.12994092e-02 -1.85804394e-02  3.11936834e-02 
      0.1359436       0.1032335      -0.0013737      -4.02388542e-02 -2.85276280e-02 -2.74469631e-02 
      0.0733132      -0.0738167      -0.0470264      -2.05633184e-02  5.41931419e-02 -4.62962836e-03 
      0.0408932       0.1172504      -0.0309540       9.37508014e-04 -4.34801794e-02  1.04627618e-02 
      0.0807058       0.1003407      -0.0527950      -4.02955096e-03 -2.51417641e-02  2.38330761e-02 
     -0.0661762      -0.0484641      -0.0242948       9.62802073e-02  2.34575241e-02  2.10515147e-03 
      0.0415424      -0.0512903      -0.0115652       1.47234746e-02  2.19034318e-02 -4.27304526e-03 
# set: 0006 config: 0004  energy: 2.547208e-02 eV/at
     -0.0606979      -0.0067295      -0.0089656       2.08920664e-02  2.49543282e-02  5.64879042e-03 
      0.0717200       0.0084591       0.0374586      -2.77600731e-02  2.48206623e-02  4.80818438e-03 
     -0.0776835       0.0766852      -0.1049264       4.58129370e-02 -2.56936229e-03  6.71404830e-02 
     -0.0210917       0.0604706       0.1161640       1.32572823e-02 -1.05175714e-02 -3.36765731e-02 
     -0.0422183       0.0430686       0.0142405      -1.29802678e-03 -1.82201952e-02 -3.11256760e-03 
      0.0414527       0.0301627       0.0879419      -4.33720176e-03  1.72042590e-02 -4.17177597e-02 
      0.0089853       0.1113165       0.0489395      -3.43009544e-02 -4.48373220e-02 -3.64587284e-02 
      0.0324994       0.0244702      -0.0052560      -1.22660297e-02  9.16520099e-03  3.73681707e-02 
# set: 0007 config: 0005  energy: 1.590296e-02 eV/at
     -0.0380468       0.0643627       0.0085023       2.84317267e-02 -2.13951041e-02 -1.05918593e-02 
      0.0898966       0.0105369       0.0628376      -4.04052170e-02 -4.95263715e-03 -2.47508389e-02 
     -0.0293284      -0.0803278       0.0245085       2.14245895e-02  1.87093132e-02 -2.72946523e-02 
      0.0092509      -0.0089734       0.0454055       5.43695646e-03 -9.34312499e-04 -2.71722818e-02 
      0.0209996       0.0207799       0.0307956      -2.39327485e-03 -1.07451628e-02 -4.88985205e-03 
      0.0154332       0.0144763      -0.0220548      -5.73089797e-03 -5.60570619e-03  4.25296450e-02 
     -0.0302659      -0.0560539      -0.0467809       5.11949859e-03  3.09473810e-02  1.95579396e-02 
      0.0650817      -0.0102972      -0.0560909      -1.18833815e-02 -6.02377185e-03  3.26118994e-02 
# set: 0008 config: 0006  energy: 5.280073e-02 eV/at
      0.0027311       0.0107719       0.0091232       2.22569936e-02 -3.89308033e-02 -1.70917719e-02 
      0.0262793       0.0129134      -0.0586847      -3.86921194e-02 -2.90190349e-02  5.49574605e-02 
     -0.0337743       0.0074638      -0.1606815       4.43674965e-02  1.80735123e-02  7.15133500e-02 
     -0.1207281       0.0649024      -0.0479364       4.50274575e-02 -3.38030402e-02  2.22183211e-02 
     -0.0361615      -0.0067745       0.0736980      -2.84015226e-03  1.49318280e-02 -5.53215034e-02 
      0.1330400      -0.0191935      -0.1271084      -8.00250576e-02  3.15838676e-02  4.03486537e-02 
      0.0056985      -0.0681965       0.1519047       1.45283152e-04  3.36393953e-02 -8.00467716e-02 
     -0.0117899      -0.0303939       0.0152340       9.76009850e-03  3.52427528e-03 -3.65777380e-02 
# set: 0009 config: 0006  energy: 5.280073e-02 eV/at
      0.0027311       0.0107719       0.0091232       2.22569936e-02 -3.89308033e-02 -1.70917719e-02 
      0.0262793       0.0129134      -0.0586847      -3.86921194e-02 -2.90190349e-02  5.49574605e-02 
     -0.0337743       0.0074638      -0.1606815       4.43674965e-02  1.80735123e-02  7.15133500e-02 
     -0.1207281       0.0649024      -0.0479364       4.50274575e-02 -3.38030402e-02  2.22183211e-02 
     -0.0361615      -0.0067745       0.0736980      -2.84015226e-03  1.49318280e-02 -5.53215034e-02 
      0.1330400      -0.0191935      -0.1271084      -8.00250576e-02  3.15838676e-02  4.03486537e-02 
      0.0056985      -0.0681965       0.1519047       1.45283152e-04  3.36393953e-02 -8.00467716e-02 
     -0.0117899      -0.0303939       0.0152340       9.76009850e-03  3.52427528e-03 -3.65777380e-02 
# set: 0010 config: 0007  energy: 4.425621e-02 eV/at
     -0.0878885       0.0470250       0.1549307       6.80898746e-02 -4.01888375e-02 -9.70687816e-02 
     -0.0681264       0.0015814       0.0378634       3.41368241e-02 -2.73956354e-03 -1.57919859e-02 
      0.0481616      -0.1198166       0.0101519      -3.02908021e-02  4.42940941e-02 -5.65729844e-03 
      0.0450659      -0.0641476       0.0197603      -2.01681892e-02  2.27279825e-02  2.54255823e-03 
     -0.0230461      -0.0507018       0.0360495       1.35440821e-02  2.99395312e-02  9.04661143e-03 
      0.0513036      -0.0343790      -0.0313117      -4.97800362e-02  1.16241830e-02  6.77052483e-02 
     -0.0348042      -0.0267773      -0.0460057       9.83174440e-03  6.70289740e-03  3.48905826e-02 
      0.0593663       0.1050977      -0.0273036      -2.53634977e-02 -7.23602871e-02  4.33306579e-03 
# set: 0011 config: 0007  energy: 4.425621e-02 eV/at
     -0.0878885       0.0470250       0.1549307       6.80898746e-02 -4.01888375e-02 -9.70687816e-02 
     -0.0681264       0.0015814       0.0378634       3.41368241e-02 -2.73956354e-03 -1.57919859e-02 
      0.0481616      -0.1198166       0.0101519      -3.02908021e-02  4.42940941e-02 -5.65729844e-03 
      0.0450659      -0.0641476       0.0197603      -2.01681892e-02  2.27279825e-02  2.54255823e-03 
     -0.0230461      -0.0507018       0.0360495       1.35440821e-02  2.99395312e-02  9.04661143e-03 
      0.0513036      -0.0343790      -0.0313117      -4.97800362e-02  1.16241830e-02  6.77052483e-02 
     -0.0348042      -0.0267773      -0.0460057       9.83174440e-03  6.70289740e-03  3.48905826e-02 
      0.0593663       0.1050977      -0.0273036      -2.53634977e-02 -7.23602871e-02  4.33306579e-03 
# set: 0012 config: 0007  energy: 4.425621e-02 eV/at
     -0.0878885       0.0470250       0.1549307       6.80898746e-02 -4.01888375e-02 -9.70687816e-02 
     -0.0681264       0.0015814       0.0378634       3.41368241e-02 -2.73956354e-03 -1.57919859e-02 
      0.0481616      -0.1198166       0.0101519      -3.02908021e-02  4.42940941e-02 -5.65729844e-03 
      0.0450659      -0.0641476       0.0197603      -2.01681892e-02  2.27279825e-02  2.54255823e-03 
     -0.0230461      -0.0507018       0.0360495       1.35440821e-02  2.99395312e-02  9.04661143e-03 
      0.0513036      -0.0343790      -0.0313117      -4.97800362e-02  1.16241830e-02  6.77052483e-02 
     -0.0348042      -0.0267773      -0.0460057       9.83174440e-03  6.70289740e-03  3.48905826e-02 
      0.0593663       0.1050977      -0.0273036      -2.53634977e-02 -7.23602871e-02  4.33306579e-03 
# set: 0013 config: 0007  energy: 4.425621e-02 eV/at
     -0.0878885       0.0470250       0.1549307       6.80898746e-02 -4.01888375e-02 -9.70687816e-02 
     -0.0681264       0.0015814       0.0378634       3.41368241e-02 -2.73956354e-03 -1.57919859e-02 
      0.0481616      -0.1198166       0.0101519      -3.02908021e-02  4.42940941e-02 -5.65729844e-03 
      0.0450659      -0.0641476       0.0197603      -2.01681892e-02  2.27279825e-02  2.54255823e-03 
     -0.0230461      -0.0507018       0.0360495       1.35440821e-02  2.99395312e-02  9.04661143e-03 
      0.0513036      -0.0343790      -0.0313117      -4.97800362e-02  1.16241830e-02  6.77052483e-02 
     -0.0348042      -0.0267773      -0.0460057       9.83174440e-03  6.70289740e-03  3.48905826e-02 
      0.0593663       0.1050977      -0.0273036      -2.53634977e-02 -7.23602871e-02  4.33306579e-03 
# set: 0014 config: 0008  energy: 5.111931e-02 eV/at
      0.0258154      -0.0307654       0.0195717      -1.85192590e-02  1.70546528e-02  2.38204582e-03 
     -0.0404796       0.0484468      -0.0248672       2.90019477e-02 -3.26857510e-02  2.09210613e-02 
      0.1265784      -0.0387801       0.0871500      -1.05376306e-01  2.59644276e-02 -1.81785411e-02 
      0.0986020       0.0861182       0.0391679      -3.96059761e-02 -4.60572885e-02  1.19687289e-02 
     -0.0581786       0.0080402      -0.0776404       7.40329504e-02 -3.20017820e-02  7.77251493e-02 
     -0.0554805      -0.0991397       0.1594278       5.60846614e-02  6.18222557e-02 -8.45585241e-02 
     -0.0003129       0.0381058       0.0229499       8.59591193e-03 -2.16197085e-02 -9.50264289e-03 
      0.0206056      -0.0002584       0.0746030      -4.21393017e-03  2.75231934e-02 -7.57277609e-04 
# set: 0015 config: 0009  energy: 3.525533e-02 eV/at
     -0.0453410       0.0453151      -0.0779416       3.12392910e-02 -6.59713892e-03  5.48571565e-02 
      0.0169993       0.0779230      -0.0611892       2.78321756e-04 -3.91171902e-02  4.81059292e-02 
      0.0065918       0.0266224       0.0182259      -3.65095436e-03 -3.19260907e-02  1.12349233e-02 
      0.0651642      -0.0404619      -0.0694060      -1.09179862e-02  1.81404248e-02  6.24943247e-02 
      0.0267359      -0.0134602       0.0461449       5.08925321e-03  1.09809689e-02 -2.48072952e-02 
     -0.0228939      -0.0198278       0.1357379       3.09236620e-02  1.58909749e-02 -7.10285480e-02 
      0.0065477      -0.0197178       0.0551975       6.24863484e-03  2.71925720e-02 -6.12504039e-02 
      0.1073485       0.0008520       0.0400237      -5.92102222e-02  5.43547928e-03 -1.96060862e-02 
# set: 0016 config: 0010  energy: 2.651537e-02 eV/at
     -0.0013832       0.0005460       0.0032708       2.61868189e-02  1.55209568e-02 -7.81896144e-03 
     -0.0361549      -0.0053758       0.0920531       2.58843410e-02  1.38115545e-02 -4.89614713e-02 
      0.0574033       0.0774126       0.0840678      -7.94831447e-03 -2.55531505e-02 -6.40551193e-02 
      0.1069165       0.0467870       0.0422402      -4.67611513e-02  2.91265732e-03 -2.52827888e-02 
      0.0144464       0.0559080      -0.0265213       6.76706285e-03 -7.95539742e-03  3.38157410e-02 
      0.0262009       0.0462015      -0.0442622       1.15564748e-02 -1.51387349e-02  2.47592750e-02 
      0.0004275       0.0107825       0.0100642       7.52636994e-03  4.51130678e-03  9.31045225e-03 
      0.0716040       0.0258692      -0.1006803      -2.32116021e-02  1.18908075e-02  7.82328729e-02 
# set: 0017 config: 0011  energy: 6.224062e-02 eV/at
     -0.0852462       0.0404042      -0.0388146       3.38757872e-02 -1.04009856e-02  1.81710393e-03 
      0.0510345      -0.1186619       0.0664685      -6.02901376e-02  9.53613170e-02 -8.27436072e-02 
     -0.0765153      -0.0174690      -0.0028956       2.70338883e-02  1.43454070e-02 -2.24557134e-02 
     -0.0740406      -0.0380534      -0.0233859       2.68063813e-02  3.18910408e-02 -1.10803445e-02 
      0.1005476       0.0601928      -0.0872311      -8.87085953e-02 -3.28396250e-02  2.44059146e-02 
      0.0717225       0.0536890      -0.0573301      -8.51294778e-02 -1.99222423e-02  1.70406557e-02 
     -0.0769555       0.0158751      -0.0389940       4.08780051e-02 -9.78000396e-03 -6.00040445e-04 
     -0.1225095       0.0550471      -0.0894397       1.05534149e-01 -6.86549079e-02  7.36160313e-02 
# set: 0018 config: 0012  energy: 5.813673e-02 eV/at
     -0.0312885       0.0782081       0.0653451      -1.34388518e-02 -5.43177670e-02 -5.48365692e-02 
     -0.1002125       0.0758387      -0.0866125      -5.72526187e-04 -5.05415657e-02  3.26136255e-02 
      0.0092246      -0.0175782       0.0242471      -4.11123940e-02  4.57654453e-03 -2.75424859e-02 
     -0.1460834      -0.0439941       0.1770112       2.16149720e-02  4.21660995e-03 -1.07672790e-01 
     -0.0505274       0.0370446      -0.0691789      -1.03119371e-02 -3.69453483e-02  5.51088099e-02 
     -0.0686173      -0.0577430      -0.1064610      -1.61376807e-02  4.30573321e-02  6.73848069e-02 
     -0.1242012      -0.0287037      -0.0440512       3.16344047e-02  2.07129180e-02  3.55270082e-02 
     -0.1102552      -0.1018081      -0.0353846       2.83240127e-02  6.92412760e-02 -5.82405992e-04 
# set: 0019 config: 0013  energy: 3.988752e-02 eV/at
     -0.0109061      -0.0466151       0.0304585      -2.02382459e-02 -1.97907641e-03  4.22063585e-03 
      0.0617923      -0.0581043      -0.0943123      -3.98825301e-02 -6.42082317e-03  5.46047104e-02 
     -0.0982626       0.1111425       0.1003263       3.81993520e-02 -6.17975037e-02 -6.06536780e-02 
     -0.0139959       0.0404694      -0.0324514       1.56267608e-02 -1.36038257e-02 -3.61647578e-03 
      0.0266476       0.0613125      -0.0741456      -1.54834157e-02 -3.02594152e-02 -1.75428031e-03 
     -0.0431382       0.0077154      -0.0270964      -5.99779156e-03 -2.49521436e-03  1.86702852e-02 
     -0.0631321      -0.1163794      -0.0371575       3.91525046e-02  5.25574570e-02  2.27663217e-02 
     -0.0158279      -0.1068080       0.1242033      -1.13766341e-02  6.39984020e-02 -3.42375186e-02 
# set: 0020 config: 0014  energy: 3.559820e-02 eV/at
     -0.0259145      -0.1024618      -0.0701502      -1.08444594e-02  3.64239263e-02  2.91973191e-02 
      0.0350426      -0.0902295      -0.0037742      -4.36560638e-02  3.74957315e-02 -2.77171328e-02 
     -0.1022329      -0.0260247       0.0230518       2.59361374e-02 -1.46379798e-02 -5.57955244e-03 
      0.0803579      -0.0313365       0.0289033      -6.21462536e-02  6.09441078e-04 -2.29954175e-02 
     -0.0031227      -0.0921240      -0.0105199      -3.98912085e-03  2.39465893e-02 -1.49160593e-03 
     -0.1370234       0.0119797       0.0704287       5.60646766e-02 -5.02047270e-02 -3.08214790e-02 
     -0.0214507      -0.0239871      -0.0151026       3.22674699e-05 -2.81732354e-03 -1.82545633e-02 
     -0.0962054      -0.0112657      -0.0959192       3.86028161e-02 -3.08156574e-02  7.76624314e-02 
# set: 0021 config: 0015  energy: 4.631754e-02 eV/at
      0.0775774       0.0697149       0.0359743      -3.51502210e-02 -1.87116612e-02 -1.40863637e-02 
     -0.0528512       0.0498202      -0.0468400       3.41502514e-02  5.17939505e-04  8.14849584e-03 
     -0.0111895       0.1575176      -0.1307583       7.59354266e-03 -6.43590860e-02  5.91407209e-02 
     -0.0943457       0.0197860      -0.0487848       4.11004007e-02 -1.60115617e-03 -1.87081550e-03 
      0.1039178      -0.0923842       0.0381702      -5.61966452e-02  9.06561106e-02 -1.06805430e-03 
     -0.0137330       0.1123075       0.0356392      -4.98435000e-03 -3.57692322e-02 -5.74883591e-02 
      0.0441139      -0.0096973      -0.0100561      -8.50205223e-03  4.83377530e-02 -4.54590632e-03 
     -0.0581336       0.0365500      -0.0768523       2.19890733e-02 -1.90706674e-02  1.17702822e-02 
# set: 0022 config: 0016  energy: 3.540170e-02 eV/at
     -0.1253677       0.0164230       0.0562879       3.74584502e-02 -1.43755827e-02 -2.67039351e-02 
      0.1226250       0.0006397       0.0399201      -4.64684949e-02  5.49498330e-03 -2.66954158e-02 
      0.0596712       0.0025213       0.0963861      -1.10092148e-02  6.17328548e-03 -6.73868445e-02 
     -0.0738285       0.0843391      -0.0861369       4.65384675e-03 -4.41049668e-02  2.82435196e-02 
     -0.0222493      -0.0411798      -0.0195738       1.54908238e-02  4.95521192e-03  9.94710576e-03 
      0.0439763       0.0997357      -0.0432662      -4.44105605e-02  2.25675798e-03  2.80125954e-02 
     -0.0201354       0.0566848      -0.0123822       2.07435216e-02 -4.81485973e-03  8.52897569e-03 
     -0.0595470      -0.1353141      -0.0589574       2.35416277e-02  4.44151702e-02  4.60539993e-02 
# set: 0023 config: 0017  energy: 3.888301e-02 eV/at
      0.1141385       0.0463555      -0.0731029      -4.51985735e-02 -3.99192731e-02  1.25514071e-02 
     -0.0093873      -0.0946474      -0.1102923      -1.15190371e-02  1.27350186e-02  5.37006740e-02 
      0.0518555       0.0634937      -0.0804349      -1.88662019e-02 -6.66905431e-02  5.12421019e-03 
     -0.0378618       0.0198711      -0.0147785       2.04903237e-02 -1.69247117e-02 -2.05864085e-02 
     -0.0383947      -0.0226389      -0.0243997       3.98434586e-02  2.38254502e-02 -1.30811136e-02 
     -0.0419079       0.0037468      -0.0538248       3.77642730e-02 -1.94539336e-02 -2.81197832e-02 
     -0.0713108      -0.1734194      -0.0254365       1.84618506e-02  9.25770948e-02 -9.22888415e-03 
      0.1116565      -0.0486364      -0.0693211      -4.09760929e-02  1.38508979e-02 -3.60102210e-04 
# set: 0024 config: 0018  energy: 4.493923e-02 eV/at
      0.0324662       0.0230782      -0.1011110      -4.55843830e-03 -2.79580426e-02  5.24599436e-02 
     -0.1048370      -0.0377678       0.0901815       4.01400775e-02 -7.04156913e-03 -3.44935150e-02 
      0.0762640      -0.0476062       0.0365644      -8.07101168e-02 -5.16076453e-03 -3.32240152e-02 
      0.0940152      -0.0228039      -0.0323947      -2.94524041e-02 -1.52067951e-02  2.80675772e-02 
     -0.0549817       0.0419933      -0.0531781       4.30819744e-02 -2.35216799e-02  5.61429679e-02 
     -0.0168164      -0.1165888       0.1146779       2.98816502e-02  3.16010999e-02 -7.29302654e-02 
     -0.0508021      -0.1823619      -0.0161267       9.05087147e-03  5.37956060e-02 -1.15906795e-02 
      0.0493399       0.0085383      -0.0207706      -7.43361443e-03 -6.50785468e-03  1.55679864e-02 
# set: 0025 config: 0019  energy: 3.976239e-02 eV/at
      0.0010938      -0.0579908      -0.0124198       2.81832443e-02  2.67924189e-02  2.64868994e-02 
     -0.0028460       0.0515005      -0.0671959       2.19581776e-02 -1.45139650e-02  3.50030693e-02 
      0.0633972       0.0718728       0.0302898      -1.16399366e-02 -4.74735136e-03 -2.99240106e-02 
      0.1446912       0.0149267       0.0400489      -5.86239743e-02  1.59290944e-02 -4.88276521e-02 
      0.0616358       0.1398769      -0.0655991      -1.55850250e-02 -7.26686859e-02  2.81710387e-02 
      0.0377045       0.0805372      -0.0394008       1.08743100e-02 -2.70417873e-02  3.96736599e-03 
      0.0929675      -0.0125398       0.0743391       1.92509181e-04  2.89050224e-04 -4.52260368e-02 
     -0.0425744      -0.1131430      -0.0372567       2.46406944e-02  7.59612260e-02  3.03493264e-02 
# set: 0026 config: 0019  energy: 3.976239e-02 eV/at
      0.0010938      -0.0579908      -0.0124198       2.81832443e-02  2.67924189e-02  2.64868994e-02 
     -0.0028460       0.0515005      -0.0671959       2.19581776e-02 -1.45139650e-02  3.50030693e-02 
      0.0633972       0.0718728       0.0302898      -1.16399366e-02 -4.74735136e-03 -2.99240106e-02 
      0.1446912       0.0149267       0.0400489      -5.86239743e-02  1.59290944e-02 -4.88276521e-02 
      0.0616358       0.1398769      -0.0655991      -1.55850250e-02 -7.26686859e-02  2.81710387e-02 
      0.0377045       0.0805372      -0.0394008       1.08743100e-02 -2.70417873e-02  3.96736599e-03 
      0.0929675      -0.0125398       0.0743391       1.92509181e-04  2.89050224e-04 -4.52260368e-02 
     -0.0425744      -0.1131430      -0.0372567       2.46406944e-02  7.59612260e-02  3.03493264e-02 
# set: 0027 config: 0020  energy: 2.378985e-02 eV/at
      0.0050287      -0.0436842       0.0364184       8.15124719e-03  4.26695344e-02 -1.59361964e-02 
     -0.0497697       0.0183758       0.0604348       2.42435851e-02 -1.06601261e-02 -3.35937320e-02 
      0.0417677       0.0420368       0.0691066      -6.53563381e-03 -1.99409809e-02 -3.10708851e-02 
      0.0572182       0.0265296       0.0293539      -4.30181583e-02  5.72228222e-03 -1.11278813e-02 
      0.0613151      -0.0391994       0.0653346      -2.79661986e-02  4.19164075e-02 -1.66697830e-02 
     -0.0325544       0.0581627      -0.0544198       2.17856330e-02 -4.26666582e-02  4.33128282e-02 
     -0.0573519       0.0055267       0.0041230       3.75501494e-02  1.06756128e-02  2.96650688e-02 
      0.0499761       0.0601827      -0.0553266      -1.42106240e-02 -2.77160717e-02  3.54205808e-02 
# set: 0028 config: 0021  energy: 4.042546e-02 eV/at
      0.0219405      -0.0783822       0.0443023      -6.98238909e-03  4.20710921e-02 -1.07015527e-02 
      0.0496350       0.0593986      -0.0452746      -9.65357925e-04 -2.86434145e-02  1.66582222e-02 
     -0.1086934      -0.0007752      -0.0348815       6.04496290e-02 -8.47448041e-03  3.46220158e-02 
      0.0615342      -0.0892642      -0.0984524       3.63071558e-03  2.53003528e-02  5.67990325e-02 
      0.0692969      -0.0723784       0.0978611      -6.77564477e-03  2.78234319e-02 -7.42732604e-02 
     -0.0358787      -0.0277431       0.0552637       3.40927882e-02 -9.03972606e-04  8.41275010e-04 
      0.0936446       0.0267635      -0.0930579      -2.66268137e-02 -3.78146315e-02  3.37652642e-02 
      0.0619234       0.0000859       0.0691011      -5.68229273e-02 -1.93583778e-02 -5.77109966e-02 
# set: 0029 config: 0022  energy: 4.701477e-02 eV/at
      0.0541482      -0.0197534      -0.0645311      -3.41411409e-02  1.51262904e-02  9.14184953e-03 
     -0.0443064      -0.0055168      -0.0589623       1.71245570e-02  1.13490187e-04 -9.91516345e-04 
     -0.1762643      -0.0084353       0.0623339       9.98618113e-02 -3.38220274e-02 -6.37213917e-02 
     -0.0604784       0.1102806      -0.0807688       2.78044326e-02 -7.12629571e-02  1.56831521e-02 
      0.0128703      -0.0698379      -0.0317673      -1.05601313e-02  4.63784681e-02  8.06898796e-03 
      0.0014392      -0.0125008       0.0511069      -3.05241183e-02 -1.37676099e-02 -5.52142611e-02 
      0.0075086      -0.0134045      -0.0654059      -2.45810772e-02  1.37985476e-02  4.17322430e-03 
      0.0168010      -0.0228859      -0.1481907      -4.49843336e-02  4.34357980e-02  8.28599553e-02 
# set: 0030 config: 0023  energy: 3.512168e-02 eV/at
      0.0288634       0.0454401       0.0129482      -3.10339251e-02 -1.99023652e-02 -2.19712412e-02 
      0.0792672      -0.0693326      -0.0058111      -5.02800320e-02  4.01333217e-02 -2.95464657e-02 
     -0.0403675      -0.0688318      -0.1046130       3.45463436e-02  4.74090280e-02  4.64766377e-02 
     -0.0192162       0.0208903       0.0487720      -1.00239541e-02  4.87085087e-03 -5.78070803e-02 
     -0.0020601      -0.0680176      -0.0853644       6.59575041e-03  3.26263784e-02  3.25961163e-02 
     -0.0586144       0.0868267      -0.0710571       3.09833173e-02 -5.43671229e-02  2.26605445e-02 
      0.0284082       0.0352632       0.0096727      -3.45497367e-02 -1.63207823e-02 -3.06032042e-02 
     -0.0744157       0.0064330      -0.0648292       5.37622370e-02 -3.44493086e-02  3.81946925e-02 
# set: 0031 config: 0024  energy: 4.460985e-02 eV/at
     -0.0477672       0.0050946       0.0043399       2.09143631e-02 -2.74369095e-03 -1.04694601e-02 
      0.1669776       0.0187598      -0.0604436      -1.11353261e-01 -2.40810000e-02  3.57429793e-02 
     -0.0642309       0.0318882      -0.0869933       2.31871437e-02 -1.04143421e-02  4.59540367e-02 
     -0.0784048       0.0485241       0.0114987       4.42438776e-02 -1.86662127e-02 -1.44167810e-02 
      0.0312464       0.0463613      -0.0454418      -2.84284200e-02 -2.17103769e-02  1.32499843e-02 
      0.0074508      -0.0735438       0.0247668      -1.32686335e-02  5.47343026e-02 -3.35352532e-02 
     -0.0339078      -0.0402907       0.0746402       3.33518016e-02  4.57017050e-02 -8.17010295e-02 
     -0.0414068       0.0474312      -0.0495933       3.13531274e-02 -2.28203852e-02  4.51755239e-02 
# set: 0032 config: 0025  energy: 3.815910e-02 eV/at
     -0.0662213       0.0367037       0.1401877       4.66368261e-03 -1.30849154e-02 -6.27313557e-02 
      0.0257270      -0.0805578       0.0624869      -2.95229606e-02  2.33554396e-02 -3.10423328e-02 
     -0.0112596      -0.1818001      -0.0249460      -1.79370024e-02  6.19106092e-02  1.73508622e-02 
      0.0022790      -0.0501850       0.0601753      -2.75135377e-02  2.91525698e-02 -4.77612387e-02 
     -0.0048884      -0.0155490       0.0078440       1.92866739e-02 -1.70302726e-02  7.69546855e-03 
     -0.1566653      -0.0103864      -0.0343857       5.87319599e-02 -1.89735834e-02  7.32655078e-02 
     -0.0346209      -0.0016107      -0.0751675      -1.37997140e-02 -3.11959330e-02  5.27934428e-02 
     -0.0258141      -0.0084337       0.0405356       6.09089828e-03 -3.41339141e-02 -9.57035428e-03 
# set: 0033 config: 0025  energy: 3.815910e-02 eV/at
     -0.0662213       0.0367037       0.1401877       4.66368261e-03 -1.30849154e-02 -6.27313557e-02 
      0.0257270      -0.0805578       0.0624869      -2.95229606e-02  2.33554396e-02 -3.10423328e-02 
     -0.0112596      -0.1818001      -0.0249460      -1.79370024e-02  6.19106092e-02  1.73508622e-02 
      0.0022790      -0.0501850       0.0601753      -2.75135377e-02  2.91525698e-02 -4.77612387e-02 
     -0.0048884      -0.0155490       0.0078440       1.92866739e-02 -1.70302726e-02  7.69546855e-03 
     -0.1566653      -0.0103864      -0.0343857       5.87319599e-02 -1.89735834e-02  7.32655078e-02 
     -0.0346209      -0.0016107      -0.0751675      -1.37997140e-02 -3.11959330e-02  5.27934428e-02 
     -0.0258141      -0.0084337       0.0405356       6.09089828e-03 -3.41339141e-02 -9.57035428e-03 
# set: 0034 config: 0026  energy: 2.787679e-02 eV/at
      0.0140149       0.0412630       0.0970757       2.48179366e-03 -6.25222668e-03 -2.50035437e-02 
      0.0630681       0.0323568       0.0162120       1.19714285e-02 -1.34719330e-02  7.14933259e-03 
      0.0695851      -0.0151259       0.0396949      -1.62021522e-02  1.02317096e-02  3.19650316e-03 
      0.0836447       0.0667864      -0.1245457      -1.69180422e-02 -2.54660778e-02  8.69835628e-02 
      0.0502112      -0.0149212       0.0352911       3.12174817e-02  2.42835637e-02 -3.21880849e-02 
      0.0321545      -0.0048993       0.0726323       2.87275110e-04  3.30888939e-02 -3.69936120e-03 
      0.0392523       0.0707375      -0.0335380       1.21368404e-02 -3.38998126e-02  3.06992171e-02 
      0.0882304      -0.0186108       0.1473577      -2.49746250e-02  1.14858829e-02 -6.71376258e-02 
# set: 0035 config: 0026  energy: 2.787679e-02 eV/at
      0.0140149       0.0412630       0.0970757       2.48179366e-03 -6.25222668e-03 -2.50035437e-02 
      0.0630681       0.0323568       0.0162120       1.19714285e-02 -1.34719330e-02  7.14933259e-03 
      0.0695851      -0.0151259       0.0396949      -1.62021522e-02  1.02317096e-02  3.19650316e-03 
      0.0836447       0.0667864      -0.1245457      -1.69180422e-02 -2.54660778e-02  8.69835628e-02 
      0.0502112      -0.0149212       0.0352911       3.12174817e-02  2.42835637e-02 -3.21880849e-02 
      0.0321545      -0.0048993       0.0726323       2.87275110e-04  3.30888939e-02 -3.69936120e-03 
      0.0392523       0.0707375      -0.0335380       1.21368404e-02 -3.38998126e-02  3.06992171e-02 
      0.0882304      -0.0186108       0.1473577      -2.49746250e-02  1.14858829e-02 -6.71376258e-02 
# set: 0036 config: 0027  energy: 3.915591e-02 eV/at
     -0.1411722      -0.0517225      -0.0418860       8.95813027e-02  2.69656157e-02  1.66190102e-02 
     -0.1019295       0.0053083       0.0321994       7.20616010e-02 -2.00602780e-02 -2.74519575e-03 
      0.0130608       0.0086964      -0.0790078      -3.16173015e-03 -2.97131727e-02  1.16909501e-02 
      0.0975870       0.0158289       0.0731417      -3.87536012e-02 -1.66865353e-02 -3.61331367e-02 
      0.0293160       0.0099927      -0.0130907      -4.24521281e-02 -1.12704030e-02 -5.27408203e-04 
      0.0502454      -0.0057002       0.0311977      -1.61436925e-02 -2.60222911e-03 -2.23531629e-02 
     -0.0368011      -0.0666921      -0.0113148      -5.31166823e-03  1.83854270e-02 -7.84383404e-03 
      0.1286635      -0.0755841      -0.0560926      -5.58200839e-02  3.49815755e-02  4.12927768e-02 
# set: 0037 config: 0028  energy: 4.840659e-02 eV/at
     -0.0131795      -0.0029544      -0.0194109       2.15781796e-03 -2.43713812e-02  5.27924713e-04 
     -0.0810725      -0.0304516       0.1290721       4.43184354e-02 -4.48720234e-03 -7.43339301e-02 
     -0.0616032      -0.0440228      -0.0571960       3.35717792e-02  2.96930098e-02  3.54725149e-02 
      0.0236935      -0.0620822      -0.0622496      -9.33255404e-03  2.05618689e-02  3.79221500e-02 
      0.0388539      -0.0298678      -0.0460287      -6.74443140e-02  5.42422224e-03  2.71552001e-02 
      0.0981175      -0.0951103      -0.0205432      -7.34139472e-02  5.31228306e-02  1.71816181e-02 
     -0.0298661       0.1122236       0.0225775       1.16255210e-02 -9.64658922e-02 -2.05101121e-02 
     -0.0864480      -0.0250129       0.0467807       5.85172610e-02  1.65225439e-02 -2.34153652e-02 
# set: 0038 config: 0029  energy: 1.213853e-02 eV/at
      0.0391825      -0.0236737       0.0650374      -2.64440929e-02  1.52908431e-02 -2.96043397e-02 
     -0.0436641      -0.0110302       0.0368979       1.78654922e-02  1.29349744e-02 -1.59009987e-02 
     -0.0273926      -0.0132026       0.0254143       1.00343951e-02 -7.82504949e-03 -2.24596770e-02 
      0.0029914      -0.0725142      -0.0308367      -4.46374432e-03  1.92660038e-02  4.49288512e-03 
     -0.0270446      -0.0157935       0.0266969       1.27903547e-02  1.66291557e-02 -8.24417656e-04 
     -0.0092084       0.0515975       0.0257152       4.49300647e-03 -4.38137498e-02  9.75376192e-04 
      0.0076096      -0.0438106      -0.0776997       2.90574083e-04  3.98944561e-03  4.45600671e-02 
     -0.0027542      -0.0102774      -0.0452885      -1.45659858e-02 -1.64716233e-02  1.87611042e-02 
# set: 0039 config: 0030  energy: 3.558161e-02 eV/at
      0.1095375      -0.0096456       0.0126641      -3.84236253e-02  1.60136620e-02 -8.22472343e-03 
     -0.0764263       0.0003805       0.1542639       4.80109521e-02  1.42670628e-02 -6.76201156e-02 
     -0.0321472       0.0595000       0.0177534       3.04013450e-02 -6.17953221e-03 -1.39246207e-02 
     -0.0697712       0.0253951       0.0247546       6.31839532e-02 -5.18388029e-03 -2.34448840e-03 
      0.0092682      -0.0000111      -0.0186881      -2.87476763e-02  4.28858089e-02  3.56398454e-02 
      0.1209331       0.0602797       0.0214970      -4.82237428e-02 -3.13026440e-02 -4.82509736e-03 
      0.0587874       0.0128647      -0.0477828      -2.39342269e-02  1.34723273e-02  5.60648633e-02 
      0.0196987       0.0923817       0.0110216      -2.26697888e-03 -4.39728044e-02  5.23433684e-03 
# set: 0040 config: 0030  energy: 3.558161e-02 eV/at
      0.1095375      -0.0096456       0.0126641      -3.84236253e-02  1.60136620e-02 -8.22472343e-03 
     -0.0764263       0.0003805       0.1542639       4.80109521e-02  1.42670628e-02 -6.76201156e-02 
     -0.0321472       0.0595000       0.0177534       3.04013450e-02 -6.17953221e-03 -1.39246207e-02 
     -0.0697712       0.0253951       0.0247546       6.31839532e-02 -5.18388029e-03 -2.34448840e-03 
      0.0092682      -0.0000111      -0.0186881      -2.87476763e-02  4.28858089e-02  3.56398454e-02 
      0.1209331       0.0602797       0.0214970      -4.82237428e-02 -3.13026440e-02 -4.82509736e-03 
      0.0587874       0.0128647      -0.0477828      -2.39342269e-02  1.34723273e-02  5.60648633e-02 
      0.0196987       0.0923817       0.0110216      -2.26697888e-03 -4.39728044e-02  5.23433684e-03 
# set: 0041 config: 0031  energy: 3.236501e-02 eV/at
      0.0302074      -0.0520041       0.0404367       6.39065247e-03  4.10305606e-02 -1.44381423e-02 
     -0.0698404      -0.0327049      -0.0130091       5.78184108e-02  1.00590970e-02  4.42605972e-03 
      0.0219895      -0.0145338       0.0943285      -1.21994528e-02  1.60185015e-02 -5.57229704e-02 
      0.0716998      -0.0018513      -0.0002300      -9.52357476e-03  2.42515447e-02 -1.30979651e-02 
      0.1390070       0.0923793      -0.1170907      -4.94154421e-02 -3.18313007e-02  6.96081212e-02 
      0.0163127       0.0556081       0.0146779      -2.17729808e-02 -4.99203705e-02 -1.85106981e-02 
     -0.0275894      -0.0449026      -0.0024697       3.90216406e-02  8.08823572e-03  3.83412864e-03 
      0.0563728       0.0418265      -0.0008670      -1.03192538e-02 -1.76962684e-02  2.39014658e-02 
# set: 0042 config: 0032  energy: 4.475233e-02 eV/at
      0.0422404      -0.0386254      -0.1718717      -2.09547391e-03 -1.78445452e-03  6.46761818e-02 
      0.0240807      -0.0157615      -0.0030114      -1.45230727e-02  6.23664932e-03 -1.60336942e-02 
      0.1466963       0.0536392      -0.0771592      -9.10359199e-02 -3.80130876e-02  2.23982381e-02 
      0.0642282      -0.0098353      -0.1118344      -1.67732728e-02 -1.67817466e-02  5.30670304e-02 
     -0.0983108       0.0403949       0.0007237       6.84428001e-02 -1.49728217e-02 -4.56903519e-02 
      0.0173918      -0.1010248      -0.0166018       5.29202079e-02  5.29686062e-02 -3.80029472e-02 
      0.0408807      -0.0931749      -0.0649115      -7.48072845e-03  3.63266945e-02  9.97139495e-03 
      0.0044062       0.0524755       0.0172540       1.05454602e-02 -2.39798396e-02 -5.03858516e-02 
# set: 0043 config: 0033  energy: 4.746290e-02 eV/at
      0.0441571      -0.1199534       0.0124230      -3.91308042e-02  3.90760756e-02 -1.20189544e-02 
      0.0566030      -0.0212678       0.1389465      -1.16996094e-02 -8.54331311e-03 -6.47407821e-02 
      0.0350459      -0.1133075      -0.0028210      -1.53634578e-02  6.26065528e-02 -6.60956199e-03 
     -0.0455491       0.0409055       0.0905961       3.89824788e-02 -3.71180454e-02 -4.04243283e-02 
      0.0097578      -0.0423832      -0.0711752      -2.16151435e-02  2.11766361e-03  3.70980586e-02 
      0.0937537       0.0108657      -0.0507284      -3.78326514e-02 -2.01871706e-02  5.01166321e-02 
     -0.0068678      -0.0034258      -0.0593459       1.82596141e-02 -9.87363497e-03  7.85269128e-02 
     -0.0754826      -0.0007304       0.1342625       6.83995739e-02 -2.80781280e-02 -4.19479769e-02 
# set: 0044 config: 0034  energy: 2.812011e-02 eV/at
      0.0417541       0.0857437      -0.0801670      -1.07801823e-02 -3.49707342e-02  5.33921916e-02 
      0.0248190       0.0620943      -0.0716200       2.05914744e-02  8.83280439e-03  2.99872301e-02 
      0.0557556       0.0911187       0.0566271       1.73610135e-03 -2.18874270e-02 -3.01674057e-02 
     -0.0164381      -0.0502859      -0.0409330       3.01941611e-02  3.57637572e-02  6.48632424e-03 
      0.0752627       0.0131205       0.0107658      -2.97428697e-02  1.92481687e-02 -1.42647078e-02 
      0.0835161       0.1401846       0.0014099      -3.40276741e-02 -6.39888987e-02 -9.88316434e-03 
      0.1002584      -0.0225950      -0.0349048      -8.17236264e-03  5.43103994e-02  9.26221926e-03 
     -0.0357498       0.0198263       0.0231899       3.02013518e-02  2.69192990e-03 -4.48126874e-02 
# set: 0045 config: 0035  energy: 3.545423e-02 eV/at
     -0.0592787       0.0304216      -0.0021400       6.23664855e-02 -3.56788100e-02 -2.02000903e-02 
     -0.0452044      -0.0732377       0.0909626       1.07472595e-02  3.84718657e-02 -6.22596053e-02 
     -0.0468471       0.0287651      -0.0266358       4.79237619e-02 -2.65389203e-02 -9.12308988e-03 
      0.0004707      -0.0696229      -0.0140093      -1.15213182e-03  2.37211919e-02 -6.49579760e-03 
      0.0442567      -0.0063462       0.0185960      -4.27257044e-02 -6.84459066e-04  1.58873699e-03 
      0.0781279      -0.0362716      -0.0848208      -5.25223460e-02  2.26863828e-02  3.93400467e-02 
      0.0464536      -0.0116544       0.0348879      -2.77020770e-02 -1.49504130e-02 -2.42008245e-02 
      0.0028818      -0.0067061      -0.1498222       3.06475233e-03 -7.02683810e-03  8.13506243e-02 
# set: 0046 config: 0035  energy: 3.545423e-02 eV/at
     -0.0592787       0.0304216      -0.0021400       6.23664855e-02 -3.56788100e-02 -2.02000903e-02 
     -0.0452044      -0.0732377       0.0909626       1.07472595e-02  3.84718657e-02 -6.22596053e-02 
     -0.0468471       0.0287651      -0.0266358       4.79237619e-02 -2.65389203e-02 -9.12308988e-03 
      0.0004707      -0.0696229      -0.0140093      -1.15213182e-03  2.37211919e-02 -6.49579760e-03 
      0.0442567      -0.0063462       0.0185960      -4.27257044e-02 -6.84459066e-04  1.58873699e-03 
      0.0781279      -0.0362716      -0.0848208      -5.25223460e-02  2.26863828e-02  3.93400467e-02 
      0.0464536      -0.0116544       0.0348879      -2.77020770e-02 -1.49504130e-02 -2.42008245e-02 
      0.0028818      -0.0067061      -0.1498222       3.06475233e-03 -7.02683810e-03  8.13506243e-02 
# set: 0047 config: 0036  energy: 4.449763e-02 eV/at
      0.0179836      -0.0078542       0.0323494      -1.65708819e-03 -1.04782454e-02 -1.69575501e-02 
     -0.0551625       0.0575295       0.0315020       4.23147038e-02 -5.09507324e-02 -1.20332000e-02 
      0.0221305      -0.0285783       0.0260457      -1.11322036e-02  1.03701195e-02 -3.22165147e-02 
     -0.0794822       0.0653696      -0.0022757       7.28962843e-02 -5.16575830e-02 -2.23298530e-02 
      0.0226939      -0.0105925      -0.0595175      -2.78904716e-02  3.34166251e-02  3.27664860e-02 
      0.0890571       0.0287093      -0.0220860      -5.53981343e-02 -1.94367243e-02  2.36932848e-02 
     -0.0306771      -0.1658339      -0.0918892      -3.57665046e-03  9.71962421e-02  7.44795816e-02 
      0.0480912      -0.0261842       0.0825507      -1.55564404e-02 -8.45970115e-03 -4.74022348e-02 
# set: 0048 config: 0037  energy: 5.410812e-02 eV/at
      0.0428273       0.0416034       0.0299535      -7.33537412e-03 -3.97376904e-02 -4.18855877e-02 
      0.1005808      -0.0492932      -0.0216863      -5.10044899e-02  2.96976766e-02  2.01407427e-02 
     -0.0562292       0.0853152      -0.0331912       4.63363154e-02 -5.19277414e-02 -8.67288744e-04 
      0.0625761       0.0525915       0.0826424      -2.35860841e-02 -4.16583113e-02 -2.04310359e-02 
     -0.0303996      -0.1045172       0.0245598       3.62273223e-03  6.44416755e-02 -1.38025548e-02 
      0.1804607      -0.0065733       0.0017334      -9.17077544e-02 -1.30797581e-03 -2.43838700e-03 
     -0.0753294      -0.0367315       0.0172123       6.80258861e-02  3.94125428e-02 -1.80259797e-02 
     -0.0346967      -0.0159145      -0.1054131       5.56487691e-02  1.07982435e-03  7.73100917e-02 
# set: 0049 config: 0038  energy: 6.848314e-02 eV/at
      0.0293205      -0.0267521       0.0234901      -1.88482108e-02  2.83380650e-02 -5.01177904e-02 
     -0.0425315      -0.0321875       0.0331842       4.39491002e-02  8.65085644e-03 -2.96270466e-02 
      0.1256672       0.0620495       0.0063608      -2.61231031e-02 -3.76828056e-02 -2.50900941e-02 
     -0.1443027       0.0898465       0.0970845       9.67219924e-02 -7.90239209e-02 -8.74322452e-02 
      0.0515792      -0.0493627       0.0036852      -3.46312465e-02  1.72494318e-02 -3.21742492e-03 
      0.0679179       0.0214638      -0.0548762      -3.36434449e-02  1.04404169e-02  2.87495806e-02 
     -0.0081284       0.0307203      -0.2078525      -1.27283911e-02  1.95666619e-02  1.60105680e-01 
      0.0601149      -0.0654148      -0.0519976      -1.46966958e-02  3.24612940e-02  6.62934027e-03 
# set: 0050 config: 0039  energy: 2.002026e-02 eV/at
     -0.1011306      -0.0255312      -0.0127755       5.64384099e-02  2.63730335e-02 -7.40982970e-03 
     -0.0063658       0.0202261      -0.0248457       1.21952737e-02  1.24774031e-02 -1.16757714e-02 
     -0.0321150       0.0247377      -0.0061677      -5.46851607e-04  3.39633760e-03 -5.57686721e-03 
      0.0810921       0.0033634       0.0022587      -1.87887433e-02  2.42460343e-03 -1.97861089e-02 
     -0.0159241       0.0618610      -0.0258657       1.06340820e-02 -2.79661920e-02 -1.99192105e-02 
     -0.0132832      -0.0270336      -0.0080701       1.79839569e-02  1.54402751e-02  1.81173899e-02 
      0.0913270       0.0313852      -0.1308893      -5.18574669e-02 -7.47818790e-03  4.79240431e-02 
      0.0162223       0.0890466      -0.0104799      -2.60586607e-02 -2.46672729e-02 -1.67364528e-03 
# set: 0051 config: 0040  energy: 5.698035e-02 eV/at
     -0.0035006      -0.0258959      -0.0806874       1.86167526e-02  2.58532866e-02  5.03503042e-02 
      0.0505339       0.0183561       0.1054342      -3.55254707e-02 -1.33184475e-02 -5.89492541e-02 
      0.0810039      -0.0435599      -0.0617067      -3.38006346e-02  1.33648283e-02  3.47804964e-02 
     -0.0945002       0.0233886       0.0485712       4.72712557e-02 -1.24776128e-02 -3.52981096e-02 
      0.0834844       0.0582299      -0.0640161      -3.22609867e-02 -2.66332930e-02  5.92783276e-02 
     -0.1152139      -0.0018991       0.0358423       7.37957199e-02  1.24536530e-02 -5.64318742e-02 
      0.0662037      -0.0765835       0.1159384      -4.85057350e-02  4.06775763e-02 -6.60688757e-02 
      0.0098013       0.0339938      -0.0993101       1.04090985e-02 -3.99199907e-02  7.23389854e-02 
# set: 0052 config: 0041  energy: 3.599686e-02 eV/at
     -0.0285395      -0.0830128      -0.0701491       1.30229631e-02  4.18094184e-02  1.69556964e-02 
      0.0498081      -0.0788466      -0.1172603      -1.09187159e-02  1.59830856e-02  6.93791934e-02 
     -0.0772241      -0.0318307      -0.0559771       3.70176671e-02 -3.38199084e-03  2.60249592e-03 
      0.0270714       0.0925936       0.0494428       2.18481299e-04 -5.55528601e-02 -2.51818049e-02 
     -0.0163814       0.0479118       0.0082938      -1.10742071e-02 -5.30569807e-02 -4.55266478e-02 
      0.0742906      -0.0372154       0.0260467      -4.80831620e-02  5.70578152e-03 -2.95619232e-02 
     -0.0923753      -0.0229063      -0.0551707       3.56959275e-02 -8.77907726e-03  1.00390920e-02 
      0.0676772      -0.1010087      -0.0019932      -1.58789540e-02  5.72726233e-02  1.29389781e-03 
# set: 0053 config: 0042  energy: 4.395346e-02 eV/at
     -0.0755263      -0.0495294       0.0012495       3.08831828e-02  4.34421237e-03  6.65369207e-04 
     -0.0670449       0.0270657      -0.0209250       3.65553224e-02 -2.04504393e-02  2.09770727e-02 
     -0.0449153       0.0242408       0.0303135       2.48148080e-02 -1.77755021e-02 -1.03108375e-02 
     -0.0427749       0.0863931       0.0515251       2.34842772e-02 -6.81817476e-02 -9.18932915e-03 
     -0.1060878      -0.0254633       0.0325523       5.06044173e-02 -6.61704905e-03 -2.92946921e-02 
      0.0183245      -0.0770333       0.0211904       4.67586026e-04  5.20101589e-02  8.75555234e-03 
      0.0779170       0.0318001      -0.0259313      -8.37493591e-02 -1.41081209e-02  4.13533609e-02 
      0.0972843      -0.1079270       0.0924609      -8.30602347e-02  7.07784873e-02 -2.29564964e-02 
# set: 0054 config: 0042  energy: 4.395346e-02 eV/at
     -0.0755263      -0.0495294       0.0012495       3.08831828e-02  4.34421237e-03  6.65369207e-04 
     -0.0670449       0.0270657      -0.0209250       3.65553224e-02 -2.04504393e-02  2.09770727e-02 
     -0.0449153       0.0242408       0.0303135       2.48148080e-02 -1.77755021e-02 -1.03108375e-02 
     -0.0427749       0.0863931       0.0515251       2.34842772e-02 -6.81817476e-02 -9.18932915e-03 
     -0.1060878      -0.0254633       0.0325523       5.06044173e-02 -6.61704905e-03 -2.92946921e-02 
      0.0183245      -0.0770333       0.0211904       4.67586026e-04  5.20101589e-02  8.75555234e-03 
      0.0779170       0.0318001      -0.0259313      -8.37493591e-02 -1.41081209e-02  4.13533609e-02 
      0.0972843      -0.1079270       0.0924609      -8.30602347e-02  7.07784873e-02 -2.29564964e-02 
# set: 0055 config: 0043  energy: 2.194729e-02 eV/at
     -0.0088322      -0.0306262       0.1017339       2.77778837e-03  1.59968921e-02 -4.47622484e-02 
      0.0995993      -0.0053569       0.0231213      -4.98733094e-02  1.81630174e-02 -4.30756585e-03 
     -0.0515001       0.0524260       0.0794961       3.80925523e-02 -9.74975314e-03 -1.98779955e-02 
      0.0630509      -0.0116297       0.0588836      -3.26225738e-02  1.81414193e-02 -9.03917260e-03 
     -0.0352571      -0.0359594       0.0124266       2.61026290e-02  2.37433240e-02  1.26806703e-02 
      0.0336686       0.0323758      -0.0054433      -5.92880872e-04 -1.99989611e-02  2.72808928e-02 
      0.0001216       0.0624783       0.0811935       1.78114567e-02 -1.54053865e-02 -2.27542650e-02 
      0.0132652       0.0673957      -0.0215977      -1.69566190e-03 -3.08905521e-02  6.07796838e-02 
# set: 0056 config: 0044  energy: 4.505989e-02 eV/at
      0.0173715      -0.0264549      -0.0014586      -2.09647527e-02  4.29290739e-02 -1.27425049e-02 
      0.0046336      -0.0597696      -0.1312790       2.23318288e-03  4.68380401e-02  6.45277175e-02 
      0.0748819       0.0125637      -0.0290981      -5.75911170e-02  8.84390352e-04  2.08617953e-02 
      0.0617865       0.0584360      -0.0491847      -4.67206792e-02 -2.17479196e-02  3.73622993e-02 
     -0.1023389       0.0906344       0.0650815       6.94248334e-02 -4.21342665e-02 -4.11308950e-02 
     -0.0322190      -0.0102834       0.0771255       2.22933990e-02  2.31393778e-02 -6.75984716e-02 
     -0.0655197       0.1069406      -0.0088390       3.63321217e-02 -5.99773400e-02 -1.28243386e-04 
      0.0133320       0.0302424      -0.0205693      -5.00698853e-03  1.00686435e-02 -1.15169777e-03 
# set: 0057 config: 0044  energy: 4.505989e-02 eV/at
      0.0173715      -0.0264549      -0.0014586      -2.09647527e-02  4.29290739e-02 -1.27425049e-02 
      0.0046336      -0.0597696      -0.1312790       2.23318288e-03  4.68380401e-02  6.45277175e-02 
      0.0748819       0.0125637      -0.0290981      -5.75911170e-02  8.84390352e-04  2.08617953e-02 
      0.0617865       0.0584360      -0.0491847      -4.67206792e-02 -2.17479196e-02  3.73622993e-02 
     -0.1023389       0.0906344       0.0650815       6.94248334e-02 -4.21342665e-02 -4.11308950e-02 
     -0.0322190      -0.0102834       0.0771255       2.22933990e-02  2.31393778e-02 -6.75984716e-02 
     -0.0655197       0.1069406      -0.0088390       3.63321217e-02 -5.99773400e-02 -1.28243386e-04 
      0.0133320       0.0302424      -0.0205693      -5.00698853e-03  1.00686435e-02 -1.15169777e-03 
# set: 0058 config: 0045  energy: 5.446722e-02 eV/at
     -0.0006614       0.0675679      -0.0554992      -2.62355517e-02 -4.25954094e-02  5.74025551e-02 
      0.0163139       0.0170883       0.0198947      -1.98812082e-02  2.23672766e-03  4.17141029e-03 
     -0.0828002      -0.0435076       0.0848964       2.49132673e-02  7.76821475e-03 -2.98475034e-02 
     -0.0815288       0.0084293      -0.0119763       4.57504782e-02 -3.84110331e-02  2.67083779e-05 
     -0.0220219      -0.0695441       0.0783469      -3.85840498e-03  6.53016864e-02 -3.24057292e-02 
      0.0166606       0.1050579       0.0626752      -3.29494576e-02 -7.99473275e-02 -7.96277091e-03 
      0.0366621      -0.1781370      -0.0450181      -3.19438936e-02  1.25694376e-01  4.03264788e-02 
     -0.1055141       0.0314075       0.0417609       4.42047702e-02 -4.00472349e-02 -3.17111496e-02 
# set: 0059 config: 0045  energy: 5.446722e-02 eV/at
     -0.0006614       0.0675679      -0.0554992      -2.62355517e-02 -4.25954094e-02  5.74025551e-02 
      0.0163139       0.0170883       0.0198947      -1.98812082e-02  2.23672766e-03  4.17141029e-03 
     -0.0828002      -0.0435076       0.0848964       2.49132673e-02  7.76821475e-03 -2.98475034e-02 
     -0.0815288       0.0084293      -0.0119763       4.57504782e-02 -3.84110331e-02  2.67083779e-05 
     -0.0220219      -0.0695441       0.0783469      -3.85840498e-03  6.53016864e-02 -3.24057292e-02 
      0.0166606       0.1050579       0.0626752      -3.29494576e-02 -7.99473275e-02 -7.96277091e-03 
      0.0366621      -0.1781370      -0.0450181      -3.19438936e-02  1.25694376e-01  4.03264788e-02 
     -0.1055141       0.0314075       0.0417609       4.42047702e-02 -4.00472349e-02 -3.17111496e-02 
# set: 0060 config: 0046  energy: 3.926417e-02 eV/at
      0.0158744       0.0023039       0.0922188      -6.02585305e-03 -5.23864977e-04 -2.82873879e-02 
      0.0469425      -0.0004243       0.0294755      -1.49385679e-02 -3.01510050e-03 -1.61398568e-03 
      0.0794428       0.1166089       0.0793636      -3.14389345e-02 -5.53090835e-02 -3.84521104e-02 
      0.0550542       0.1021270      -0.0501137      -2.65332702e-02 -5.63806308e-02  2.66612876e-02 
     -0.0704554      -0.0027491       0.0048796       8.41179953e-02  3.94612577e-02 -1.35588396e-02 
     -0.0597941       0.0447915       0.0185986       5.74656113e-02 -1.48295050e-03 -1.30873230e-03 
      0.0221707      -0.0961708      -0.0465534      -1.38630335e-02  6.25216523e-02  4.25283312e-02 
      0.0740782      -0.0270720       0.0209135      -4.87839475e-02  1.47287198e-02  1.40314371e-02 
# set: 0061 config: 0047  energy: 2.297577e-02 eV/at
     -0.0369504      -0.0904673       0.0148285      -4.31556358e-04  3.58904253e-02 -1.22563245e-02 
     -0.0003555       0.0552999       0.0236172      -2.99296374e-02 -1.57006761e-02 -8.31809229e-03 
     -0.0539500      -0.0037190      -0.0059193       1.02397183e-02  2.85420844e-02  6.99536523e-03 
     -0.0794352       0.0503675       0.0741246       2.23343359e-02 -3.69100191e-02 -3.11274970e-02 
     -0.1288211       0.0072729      -0.0421628       3.67936815e-02 -6.86648515e-03  4.45767269e-02 
      0.0041596      -0.0182444       0.0240821      -8.78232295e-04  9.15377476e-03 -2.41031022e-02 
      0.0249548       0.0048111       0.0711503      -4.00062408e-02  5.31814560e-03 -3.75906437e-02 
     -0.0628578       0.0408635      -0.0661885       1.87793151e-03 -1.94272501e-02  6.18235680e-02 
# set: 0062 config: 0048  energy: 3.378110e-02 eV/at
      0.0249305       0.0545677      -0.0589916      -2.56815082e-02 -4.10145437e-02  4.01424672e-02 
      0.0274689      -0.0102494      -0.0219504      -3.42348486e-02 -9.38376902e-03  8.05199136e-03 
      0.0780035       0.0919548       0.0678331      -5.24111513e-02 -5.67515284e-02 -4.10939101e-03 
     -0.0266413      -0.0202748      -0.0460288       4.33840747e-03  1.15295396e-02  4.02138859e-02 
      0.0217663      -0.0739750      -0.0007332      -1.27131735e-02  4.48253190e-02  2.83150344e-03 
     -0.0402524      -0.0515185       0.0381881       1.46500143e-02  2.04806391e-02 -3.70507194e-02 
     -0.0829693      -0.0579459       0.0402628       6.08376274e-02  5.82299808e-02 -2.93363353e-02 
     -0.0678075       0.0598208       0.0341376       4.52146320e-02 -2.79156374e-02 -2.07434018e-02 
# set: 0063 config: 0049  energy: 4.746708e-02 eV/at
      0.0403423      -0.0224026      -0.0623290      -3.94103605e-02  7.29388026e-03  5.91149861e-02 
      0.0019804       0.1186437       0.0610256      -8.09395778e-03 -5.56329814e-02 -4.21200676e-02 
     -0.0035928       0.0757694       0.0020891      -8.88861117e-03 -1.97915050e-02  1.98583378e-02 
     -0.0571205       0.1134674      -0.1187864      -3.32283025e-04 -4.97528607e-02  5.19548733e-02 
      0.0048300      -0.0470342      -0.0103988       3.62301227e-03  7.03832344e-02  8.79215103e-03 
     -0.1595608       0.0748886       0.0437526       7.55646301e-02 -7.98903707e-04 -4.74561743e-02 
      0.0840509      -0.0097198       0.0760053      -4.39563166e-02  3.67690353e-02 -4.27403845e-02 
     -0.0983600      -0.0015808       0.0145353       2.14938862e-02  1.15301009e-02 -7.40372143e-03 
# set: 0064 config: 0050  energy: 5.722372e-02 eV/at
     -0.0535746       0.0138771      -0.1026324       5.64175893e-02 -1.31614266e-02  3.22678343e-02 
      0.0509768      -0.0162699       0.0280274      -6.66101188e-04 -2.71935004e-03 -4.27993829e-02 
     -0.0819593      -0.0543877       0.0903538       5.25668273e-02  1.49601629e-02 -4.10199438e-02 
     -0.0339726      -0.0092136      -0.1139595       5.71088944e-02  1.35001695e-02  6.70026931e-02 
      0.1201952      -0.0021839      -0.0080952      -7.50252212e-02 -3.41116217e-02 -3.09577248e-02 
      0.1275482      -0.1564626      -0.0360026      -8.43845766e-02  7.61755216e-02  4.41149111e-02 
      0.0281219       0.0633349      -0.0680481       5.31351257e-04 -4.42304969e-02  2.19622517e-02 
      0.0288514       0.0357012       0.0595753      -6.54876319e-03 -1.04129591e-02 -5.05706388e-02 
# set: 0065 config: 0051  energy: 4.587519e-02 eV/at
      0.0326538      -0.0897139       0.1268237      -9.88463686e-03  3.80440634e-02 -6.92703258e-02 
      0.0187892      -0.0628318      -0.1094997       3.13715292e-02  4.00629830e-02  8.27540296e-02 
      0.0728794      -0.0428077      -0.0609194      -2.58076619e-02  5.11748027e-02  1.96220918e-02 
      0.0396770       0.0250767       0.0011302       3.63983851e-03 -3.38283600e-03 -5.09601023e-03 
     -0.0225152       0.0763322      -0.1102344       3.53815372e-02 -5.97632930e-02  6.18208602e-02 
      0.1278855       0.0271851       0.0436102      -6.27014074e-02 -2.09740767e-02 -5.68403778e-02 
      0.0123748       0.0387998       0.0585701       2.63183745e-02 -4.94870394e-02 -3.15498289e-02 
      0.0348314      -0.0289201       0.0478861       1.68242673e-03  4.32539632e-03 -1.44043879e-03 
# set: 0066 config: 0052  energy: 3.968447e-02 eV/at
     -0.0861760       0.0319573      -0.0499967       4.50715261e-02 -7.56669232e-03  2.62278398e-02 
     -0.0383044      -0.0662641       0.0145263       5.19158087e-03  2.74047400e-02 -2.25070882e-02 
     -0.0917184       0.0860627       0.1020320       4.74990652e-02 -7.41706675e-02 -7.13922650e-02 
     -0.0327874       0.0748532      -0.0187635       2.62991839e-02 -4.55480795e-02 -1.07901345e-02 
      0.0253299       0.0213701       0.0250371      -1.80001266e-02 -2.13425104e-03 -2.63128780e-02 
     -0.0659189      -0.0377059       0.0029608       6.70950157e-03  1.53313078e-02  1.75805535e-03 
      0.0248870      -0.0941532      -0.0710631      -5.31728325e-02  6.19577987e-02  4.68335486e-02 
      0.0388741       0.0058414      -0.0677823      -5.95978986e-02  2.47258434e-02  5.61829219e-02 
# set: 0067 config: 0053  energy: 3.054305e-02 eV/at
      0.0572325      -0.0511594       0.0290413      -2.47970148e-02 -1.03603284e-02 -1.45927245e-02 
     -0.0291698      -0.0044228       0.0773408       6.88292517e-03 -2.57194468e-02 -3.70621036e-02 
      0.0253692       0.0585564      -0.0069524      -1.11225575e-02 -2.73669302e-02 -1.55983543e-02 
      0.0113492      -0.0769639       0.0648233      -2.39760249e-02  3.86372313e-02 -5.51769713e-02 
     -0.0055320      -0.0289154      -0.0879391      -1.99762281e-02  2.99617687e-02  5.58833077e-02 
      0.0164579       0.0447305      -0.1187922       1.35592954e-02 -5.14958206e-02  6.01118810e-02 
     -0.0298673      -0.1255304       0.0512376       2.89149807e-02  5.20403572e-02 -4.20252729e-03 
     -0.0459163      -0.0430419       0.0030827       3.05146240e-02 -5.69683166e-03  1.06374922e-02 
# set: 0068 config: 0054  energy: 2.428100e-02 eV/at
     -0.0721823      -0.0267050       0.0637693       5.20289773e-02  2.09567480e-02 -1.70652825e-02 
     -0.0133596       0.0160818       0.0073412       1.17562263e-02 -5.07392166e-03  8.49111412e-03 
      0.0166051      -0.0390258      -0.0934542       1.39692370e-02  2.59249749e-02  5.86098317e-02 
      0.0683107      -0.0033404       0.0404723      -4.41423538e-02  5.89436748e-03 -2.39326921e-02 
      0.0701690      -0.0067808       0.0682426      -4.20425938e-02  3.12685835e-03 -2.43870084e-02 
      0.0149862       0.0491279      -0.0128517      -9.13892316e-03 -2.23570320e-02  1.10630002e-02 
      0.0087514       0.0201548       0.0820664      -2.27775752e-03 -1.92216816e-02 -4.77992531e-02 
     -0.0148924      -0.0107688      -0.0613617       1.98471881e-02 -9.25031308e-03  3.50202896e-02 
# set: 0069 config: 0055  energy: 4.031747e-02 eV/at
     -0.0731031      -0.0143316      -0.1077979       4.75625866e-02 -3.70039920e-02  3.70293710e-02 
     -0.0462339      -0.1016621      -0.0365435       2.18193247e-02  1.94957845e-02 -1.00849816e-03 
     -0.0195573       0.0015832      -0.0416296       1.26625649e-02  1.21784315e-02  7.72139516e-03 
     -0.0379638      -0.0349457      -0.0389717       3.07804612e-02  1.81793419e-02 -5.09394536e-04 
      0.0444364       0.0170946      -0.1223248      -3.93135526e-02 -1.91149935e-02  1.94813670e-02 
      0.0604128      -0.0397846      -0.1525298      -4.74416782e-02 -2.74806261e-03  3.89897305e-02 
      0.1052245      -0.1207096       0.1095720      -4.74671572e-02  3.13914156e-02 -5.07624949e-02 
     -0.0618715       0.0059206       0.0791010       2.13974506e-02 -2.23779254e-02 -5.09414761e-02 
# set: 0070 config: 0056  energy: 3.304115e-02 eV/at
      0.0587917      -0.0510168       0.0500330       7.21745393e-04  3.99170355e-02  8.68274313e-04 
     -0.0550101       0.0292146      -0.0565326       1.10396585e-02 -8.09039977e-03  6.11115476e-02 
     -0.0109108       0.0760102       0.1228818       1.12185183e-02 -3.39437024e-02 -3.94093092e-02 
     -0.0039260       0.0514679       0.1650044       2.10665600e-02 -2.04338304e-02 -6.16327596e-02 
      0.0417480       0.1312385       0.0554062      -2.34994505e-02 -5.74585879e-02  7.69447403e-03 
      0.0163717      -0.0290592       0.0594527      -1.06379811e-02  6.10575416e-03 -1.97028190e-02 
     -0.0197398      -0.0681072       0.0702536       1.71163920e-02  4.40426317e-02  1.18384506e-03 
      0.0409993       0.0295933      -0.0163812      -2.70254422e-02  2.98610987e-02  4.98867460e-02 
# set: 0071 config: 0057  energy: 2.741034e-02 eV/at
      0.0780642       0.0714691      -0.0561014      -3.65041471e-02 -3.87481514e-02  3.12411665e-02 
     -0.0411739      -0.0680509      -0.0501869      -2.81797540e-03  2.62651036e-02  2.14568613e-02 
     -0.0459581       0.0832178       0.0928328       1.50855488e-02 -4.43280955e-02 -4.52610661e-02 
      0.0468438      -0.0280028      -0.0349866      -2.51749452e-02  3.77707053e-02  2.12311792e-02 
      0.0138306       0.0050833       0.0221993      -5.57069399e-04  1.88642747e-02 -2.47607098e-02 
     -0.0396235       0.0025580      -0.0663164       7.48091708e-03 -2.81136598e-02  3.04516883e-02 
     -0.0870372      -0.0538162       0.0269101       4.47865508e-02  3.79157768e-02 -4.54664181e-03 
      0.0099854       0.0639770       0.0358374      -2.29887958e-03 -9.62595376e-03 -2.98124771e-02 
# set: 0072 config: 0058  energy: 3.066494e-02 eV/at
     -0.0555010       0.0390754      -0.0284096       1.43818851e-02 -1.70206503e-02 -1.35792421e-02 
      0.1290574      -0.0542475       0.0155820      -7.75701889e-02  3.77939035e-02 -3.62407928e-02 
     -0.0857476       0.0159591      -0.0128264       3.71781352e-02 -1.88653011e-02 -2.29614383e-02 
     -0.0443832      -0.0032689      -0.0339603       2.95502088e-02  5.56421195e-03  5.37184784e-03 
     -0.0493697      -0.0220584      -0.0898915       2.75064539e-02  1.53703487e-02  3.35391321e-02 
     -0.0146589      -0.0051888       0.0110019       8.30597298e-03 -1.24411335e-03 -1.90896457e-02 
     -0.0203496      -0.0321721      -0.0346155      -1.24054542e-02  3.13186107e-02 -2.06698579e-02 
      0.0601850       0.0700587      -0.1069491      -2.69470132e-02 -5.29170100e-02  7.36299965e-02 
# set: 0073 config: 0059  energy: 5.136036e-02 eV/at
     -0.0836671      -0.0391664      -0.1016018       1.51511933e-02  2.10043995e-02  6.39819071e-02 
      0.1182017      -0.0006845      -0.1002004      -6.45991798e-02 -5.79948619e-02  6.64499203e-02 
     -0.0496318      -0.0380366       0.0050722       5.09633811e-03 -1.50997543e-02 -8.87639540e-03 
     -0.0008261       0.0916866       0.0329851       8.03120534e-03 -4.59150453e-02 -2.73544025e-02 
      0.0727960       0.0192140      -0.0521903      -3.32868198e-02 -4.17648302e-02 -2.24697704e-02 
     -0.1271194      -0.0088037       0.0488113       4.64075724e-02  1.07373486e-02 -2.08570596e-02 
     -0.1060342      -0.0923725      -0.0469509       4.08439112e-02  5.97710542e-02 -1.11525746e-02 
      0.0643234      -0.1451248       0.1025090      -1.76442203e-02  6.92616890e-02 -3.97216249e-02 
# set: 0074 config: 0060  energy: 2.539344e-02 eV/at
      0.0257711      -0.0441127       0.0602536      -2.27224397e-02  3.19596685e-02 -2.98508198e-02 
      0.0644449       0.0682912      -0.0065020      -2.67050696e-02 -2.69110738e-02  1.79433565e-02 
     -0.0528247       0.0117620      -0.0322960       3.05590243e-02  1.53112433e-02  2.98391949e-02 
     -0.0460851      -0.0059213      -0.0114576       3.58055419e-02  1.44774410e-02  1.95849256e-02 
      0.0491228       0.0361713      -0.0057134      -4.71885849e-02 -1.91914887e-02 -4.33665958e-07 
      0.0870019      -0.0197828       0.0290100      -5.38919802e-02  2.89156167e-02 -2.01011523e-03 
     -0.0533783       0.0748744       0.0189072       5.76720079e-02 -4.52171134e-02 -3.56715765e-03 
     -0.0363209       0.0171127       0.0770964       2.64715002e-02  6.55706040e-04 -3.19389514e-02 
# set: 0075 config: 0061  energy: 3.833450e-02 eV/at
     -0.0164376      -0.0440587      -0.0139082       1.17873830e-02  4.51683204e-02  2.31426846e-02 
      0.1381739       0.0737151      -0.0691023      -4.99726558e-02 -3.30946711e-02  4.42974977e-02 
     -0.0947702      -0.0180034      -0.0002219       6.91840593e-02  3.16908637e-02  3.45613360e-02 
     -0.0410259      -0.0102297      -0.0289531       4.96783300e-02  2.48982371e-02  3.68472336e-02 
      0.1120312      -0.0109622       0.0084275      -5.98842329e-02 -6.16261068e-03 -1.28530745e-02 
      0.0378547       0.0216161       0.0950649      -2.54888291e-02 -7.20097812e-03 -4.16167039e-02 
      0.0087834       0.0830128       0.0580057       1.61987665e-02 -2.27872846e-02 -6.51683172e-02 
      0.0231499       0.0626143       0.0536204      -1.15028207e-02 -3.25118766e-02 -1.92106567e-02 
# set: 0076 config: 0062  energy: 3.504673e-02 eV/at
     -0.0496947      -0.0267211      -0.0143942       3.42497943e-02 -1.38470894e-02  1.50729071e-02 
      0.1039054      -0.0170716       0.0460878      -3.62271073e-02 -1.83335465e-02 -1.64809582e-02 
      0.0198430      -0.1088799      -0.0726861       1.24321358e-02  5.27119031e-02  5.60009121e-02 
      0.0068989       0.0400205      -0.0175555       1.65864289e-02 -3.75549209e-02  1.88668612e-02 
      0.0052516      -0.0730659      -0.0055168       2.05174397e-02  2.94936720e-02 -1.47301025e-02 
      0.0026531      -0.0643246      -0.0266958       1.44561050e-02  1.39820991e-02  2.01498220e-02 
      0.1248451      -0.0804037       0.0755874      -6.82638707e-02  2.44232519e-02 -3.69968849e-02 
     -0.0070098       0.0368337       0.1098933       6.24907395e-03 -5.08753694e-02 -4.18825567e-02 
# set: 0077 config: 0063  energy: 4.366632e-02 eV/at
     -0.0051063      -0.0572016       0.0774807       3.68241323e-03  5.50562613e-02 -5.09481876e-02 
     -0.0469937       0.0615285      -0.0372322       7.74060715e-03 -1.72637902e-02  5.08751660e-03 
      0.0647047      -0.0482223       0.0204956      -3.15007527e-02  5.03278310e-02 -1.96758026e-02 
      0.0025706       0.0773982       0.1122347      -2.37028356e-02 -9.26391230e-03 -8.45476366e-02 
     -0.0263717       0.0369692       0.0284810       3.21463526e-02 -7.56026200e-03 -2.92231387e-03 
     -0.0808237       0.0789989      -0.1367167       5.92619444e-02 -5.26148425e-02  8.20598548e-02 
      0.0203399       0.0209951      -0.0258817      -2.39084119e-02  1.47689675e-02  4.91574980e-02 
      0.0316587       0.0858927      -0.0699489      -2.37193172e-02 -3.34502527e-02  2.17890712e-02 
# set: 0078 config: 0064  energy: 3.746972e-02 eV/at
     -0.0495399      -0.0307301      -0.0810337       1.88086371e-03 -2.55403778e-02  6.24211585e-02 
      0.0292632       0.0067288       0.0756314      -4.20434503e-02 -1.93602272e-02 -3.27036441e-02 
     -0.0459863       0.0125615       0.0196415       1.07576025e-02 -3.04677484e-03  2.22450801e-04 
      0.0018519       0.0066413       0.0698647      -2.72183726e-02 -1.45682576e-02 -2.71502893e-02 
     -0.0021527      -0.0428071       0.0213834      -4.23124146e-02  9.43888543e-03 -1.20447146e-02 
      0.0039735      -0.0203073      -0.0906705      -1.81207484e-02 -2.92776328e-03  5.08123451e-02 
     -0.0106448      -0.0674460       0.1094924       1.45458520e-02  3.14619048e-02 -3.69112260e-02 
     -0.1907468      -0.0671339       0.0229957       1.02510667e-01  2.45426108e-02 -4.64608005e-03 
# set: 0079 config: 0065  energy: 5.262562e-02 eV/at
      0.0530381       0.0018289       0.0206157      -3.00153920e-02 -6.59569907e-03 -3.09865338e-02 
      0.1049432       0.0736173      -0.0993251      -6.41661339e-02 -2.29252562e-02  3.69066482e-02 
     -0.0187116       0.0282604      -0.1030885       5.59067763e-03 -1.44359024e-02  7.21453094e-02 
     -0.1665719      -0.0515781       0.1175825       9.20745079e-02 -1.04327412e-02 -6.60520553e-02 
     -0.0083436       0.0144175       0.0090799      -9.23797519e-03 -2.47510190e-02 -5.09335223e-03 
      0.0208697      -0.1331285       0.0254340       5.00258536e-03  8.25876664e-02 -1.96939703e-02 
      0.0665036       0.0372843      -0.0502732      -2.89175100e-02 -2.94038471e-03  1.85797331e-02 
     -0.0796818       0.0401322      -0.0249547       2.96692406e-02 -5.06663802e-04 -5.80577866e-03 
# set: 0080 config: 0066  energy: 5.112941e-02 eV/at
     -0.0426346      -0.0853642      -0.1268478       2.78571964e-02  2.59657784e-02  8.11938177e-02 
     -0.0308873      -0.0168343      -0.0225282      -5.75013290e-03  5.56294323e-03  1.28669647e-02 
      0.0849914       0.0446450       0.0642130      -7.72104877e-02 -2.43702272e-02 -9.91998395e-03 
      0.1062500      -0.0079077      -0.0748939      -6.57480601e-02 -2.70800584e-02  6.15838596e-02 
     -0.0618162       0.0305088       0.0383670       1.68181637e-02 -3.47849501e-02 -3.17179151e-02 
      0.0161324      -0.1112268       0.0899128       2.40794365e-03  4.42303340e-02 -7.17000029e-02 
     -0.0320741      -0.0359260       0.0689791       3.91584690e-02  8.15083258e-03 -4.73234749e-02 
     -0.1207973       0.0196786       0.0059905       6.24669081e-02  2.32534721e-03  5.01673454e-03 
# set: 0081 config: 0067  energy: 4.747012e-02 eV/at
      0.0430942      -0.0239484       0.0931936      -6.50674072e-02  2.85783288e-02 -4.26437003e-02 
      0.0624984       0.0208854      -0.0225015      -1.05833136e-02  2.08369080e-02  2.91253360e-02 
     -0.0822237      -0.0090300       0.1055794       1.47798259e-02  3.56276312e-02 -4.24712530e-02 
     -0.0626352      -0.0354702      -0.0490840       5.06711964e-02  3.26973413e-02  4.62043180e-02 
     -0.0800015       0.0110180      -0.1040443       3.03699833e-02 -1.46244300e-02  5.98872164e-02 
      0.0994923       0.0627956       0.1308504      -6.48285658e-02 -3.46136035e-02 -4.63791278e-02 
     -0.0238313       0.0801668      -0.0550957       4.17415522e-02 -4.35610131e-02  3.47183663e-02 
     -0.0514781       0.0380568       0.1245313       2.91672911e-03 -2.49411627e-02 -3.84411556e-02 
# set: 0082 config: 0068  energy: 5.712678e-02 eV/at
      0.0134028      -0.0965675       0.0690949       5.47298574e-03  3.61870019e-02 -9.22023790e-02 
     -0.0189824      -0.0122897      -0.0543676       1.39397648e-02  4.09288969e-02  1.32783985e-02 
     -0.0243340       0.0880466      -0.0379582       1.75295166e-02 -4.23793310e-03  9.22088720e-03 
      0.1355906       0.0171555       0.0022968      -5.84844295e-02 -2.07936919e-02  1.88684488e-02 
     -0.1492936      -0.0080135       0.0122053       7.28631316e-02  2.12712694e-02 -4.21782624e-02 
      0.1945705      -0.0733803      -0.0707233      -7.07877416e-02  3.68334147e-02  3.47661672e-02 
      0.0347628       0.1272591      -0.0520141       1.85249710e-02 -7.41216352e-02  3.72562759e-02 
      0.0142358       0.1364759      -0.0490807       9.41802279e-04 -3.60673222e-02  2.09904635e-02 
# set: 0083 config: 0069  energy: 3.634817e-02 eV/at
      0.0092878      -0.0633657      -0.0807109      -1.71145703e-02  1.11426878e-02  1.81448812e-02 
      0.0373005      -0.0867605      -0.0866293      -9.24974912e-03  2.30965950e-02  3.87353211e-02 
     -0.0367349      -0.0815472      -0.0671533       1.73725350e-02  2.33083539e-02  1.21482717e-02 
      0.1017491       0.0459076      -0.0087836      -5.54962961e-02 -4.65373552e-02  4.87015117e-03 
     -0.0150973      -0.0279382       0.0232720      -3.58203064e-03 -1.18270018e-02 -6.19204093e-02 
      0.1009273      -0.0196274      -0.0439528      -6.26815728e-02 -1.02066651e-02  3.74870072e-03 
     -0.0914731       0.0100256      -0.0539368       6.23350857e-02 -3.61920986e-02  9.22852866e-03 
     -0.0635001      -0.1107079      -0.0104437       6.84165981e-02  4.72154839e-02 -2.49554453e-02 
# set: 0084 config: 0070  energy: 3.294134e-02 eV/at
      0.0587999      -0.0943896      -0.0731996      -6.59241546e-02  4.75134828e-02 -7.38045399e-03 
      0.0098915      -0.0109841       0.0235377      -1.87211093e-02 -5.62621996e-03 -4.03438690e-02 
      0.0513089       0.0461841      -0.0321633      -4.01324147e-02 -4.47539341e-03 -3.79631063e-03 
     -0.0676870       0.1237451       0.0188795       1.14530133e-02 -4.67981137e-02 -1.93629890e-02 
     -0.0312144      -0.0636766      -0.1158872      -1.11245318e-02  3.23168315e-02  3.54645899e-02 
     -0.0179953       0.0129020      -0.0681229       9.56269998e-04 -4.54618053e-04 -1.10759375e-03 
     -0.1210198       0.0505387      -0.0440093       6.42899169e-02 -1.20837270e-02  4.02502769e-02 
     -0.0818064       0.0227199       0.0077018       5.92030105e-02 -1.03922423e-02 -3.72365116e-03 
# set: 0085 config: 0071  energy: 4.515176e-02 eV/at
      0.0131050      -0.1040366      -0.0075443       6.05014301e-03  3.48845389e-02  8.24000792e-03 
     -0.0080092       0.1008374      -0.0072961       8.85410575e-03 -6.61909105e-02  1.77766949e-03 
     -0.1015426      -0.0481726       0.0655177       4.86895841e-02  2.37996150e-03 -2.76806508e-02 
     -0.0332063      -0.0108811       0.0466091       4.35728275e-02 -3.26948825e-02 -1.97448966e-02 
      0.0408166       0.0660608      -0.0291465      -4.05879386e-02 -6.73504325e-02  2.40303265e-02 
      0.0628966      -0.1829618       0.0751614      -3.04195298e-02  8.48358350e-02 -1.73702554e-02 
      0.0404862      -0.0138147      -0.0302495      -1.41220472e-02 -3.17358576e-02  1.27304089e-02 
      0.0139639      -0.0915190       0.0104861      -2.20371444e-02  7.58717477e-02  1.80173897e-02 
# set: 0086 config: 0072  energy: 4.918052e-02 eV/at
      0.0222878      -0.1231374      -0.0420111      -2.07319799e-02  9.15203442e-02  1.88437925e-02 
      0.0587377      -0.0191088       0.1255374      -2.39059526e-02  8.14740059e-03 -5.51082055e-02 
      0.0506857       0.0212700      -0.0583390      -4.44046789e-02 -2.73622921e-02  4.04043944e-02 
      0.0273855       0.1077160       0.0395549      -8.60366891e-03 -4.19961064e-02 -8.58188021e-03 
      0.0616238       0.0530409      -0.0055685      -3.63412232e-02 -4.12709193e-02 -3.06866271e-03 
     -0.0796772      -0.0144365       0.1172858       5.87455112e-02  4.81590652e-02 -6.53553704e-02 
     -0.0790773       0.0687062      -0.0536604       4.72521576e-02 -5.43791131e-02  4.18521721e-02 
      0.0103355      -0.0334829      -0.0055159       2.79898344e-02  1.71816208e-02  3.10137599e-02 
# set: 0087 config: 0073  energy: 5.415885e-02 eV/at
      0.0295257       0.1067080       0.0412613      -6.28264242e-03 -4.02034468e-02  3.08159880e-03 
      0.0843699       0.0380003       0.1116233      -4.44279052e-02 -1.68149849e-02 -4.79168598e-02 
     -0.0785586       0.0083056       0.0284012       5.11233528e-02  1.98890954e-03  1.13856967e-02 
     -0.0227693       0.0697384      -0.1237503       1.10941950e-02 -1.67070433e-02  1.00622967e-01 
      0.0348166      -0.1093092       0.0908216       2.25041051e-02  1.06289275e-01 -4.30670198e-02 
     -0.0640669       0.0039439      -0.0231244       2.37539467e-02  2.13638008e-03  2.93347488e-02 
      0.0310596      -0.0166522       0.0876091      -2.42811519e-02  3.67882710e-02 -3.13963843e-02 
      0.0537771       0.1137857       0.0486559      -3.34839009e-02 -7.34773609e-02 -2.20447466e-02 
# set: 0088 config: 0074  energy: 2.349732e-02 eV/at
      0.0462377       0.0746121       0.0051328      -8.51575685e-03 -5.13044549e-02 -1.14573492e-02 
      0.0570771      -0.0351700      -0.0123571      -5.26225092e-03  3.94164162e-03 -2.33121706e-05 
     -0.0674764       0.0141414      -0.0820923       5.45154234e-02 -1.38085036e-03  2.24805591e-02 
      0.0562464      -0.0340725      -0.0674099       1.93489305e-03  3.14290535e-02  1.56708815e-02 
      0.0084248       0.0182254      -0.1009271       2.46089683e-02 -4.68037816e-03  2.19196972e-02 
      0.0072116      -0.0093228      -0.0606817       1.97050320e-02  1.60364992e-02  1.96060625e-02 
      0.0676474       0.0020336       0.0219119      -4.05384933e-02 -2.71034285e-02 -3.84819404e-02 
      0.1072121      -0.0624206       0.0474051      -4.64478158e-02  3.30619179e-02 -2.97145982e-02 
# set: 0089 config: 0075  energy: 4.985634e-02 eV/at
     -0.0217519       0.0623382       0.0878544       1.25284936e-02 -4.35391218e-02 -6.72137115e-02 
      0.0291424      -0.0560684      -0.0755387      -1.16321889e-03  1.37529675e-02  4.46864763e-02 
     -0.0279858       0.0033961      -0.0394177       2.00551226e-02 -1.81093852e-02  1.35565441e-02 
     -0.1157922       0.0910353       0.0822999       7.97851684e-02 -6.23312243e-02 -5.67849518e-02 
     -0.0223185      -0.0042406       0.0037855       1.29775876e-02 -1.44877649e-02 -1.62142136e-02 
      0.0480381      -0.0714602      -0.0110872      -4.39620379e-02  6.36534672e-02  3.28758309e-02 
     -0.0061550       0.0093339      -0.0998695      -3.52258056e-02  7.58075010e-03  8.24189676e-02 
      0.0929323      -0.0874062       0.0676221      -4.49953102e-02  5.34803114e-02 -3.33249419e-02 
# set: 0090 config: 0076  energy: 5.185190e-02 eV/at
      0.0284571      -0.0810589      -0.0402044      -1.71747907e-02  4.21219306e-02  9.58747378e-03 
      0.1086155       0.0295946      -0.0583501      -4.44084637e-02  9.41311051e-04  4.11734611e-02 
      0.0647832       0.0381438      -0.0513483      -1.54270951e-02  1.44288754e-03 -4.78368906e-03 
      0.0199954      -0.1065317      -0.1128896      -1.47993335e-02  5.93927520e-02  3.13621686e-02 
     -0.0477991      -0.0151039      -0.0459384       2.96900534e-02  2.24694246e-02  1.32881480e-02 
      0.0235980       0.2290347       0.0259897       9.36050935e-03 -1.16152288e-01 -4.43671744e-02 
     -0.0339722      -0.0211024       0.0450195       5.35156293e-02  4.29887063e-02 -6.74035868e-02 
      0.0068784       0.0100181      -0.0672432      -7.56509456e-04 -5.32047239e-02  2.11431983e-02 
# set: 0091 config: 0077  energy: 2.489649e-02 eV/at
      0.0102940      -0.0522573      -0.0122231      -9.91604284e-03  4.88038432e-02  4.81414719e-03 
      0.0547959      -0.0054051       0.0039573      -1.19155008e-02  1.99447723e-02  1.90185665e-04 
      0.0879878       0.0087625       0.0317990      -3.15055231e-02  3.42698312e-02 -1.32228434e-02 
     -0.0721749       0.0339268      -0.0093260       3.67797614e-02  2.02060940e-02  1.93890288e-02 
      0.0504342       0.0427037      -0.0680487      -2.62538194e-02 -3.25900092e-02  4.23312847e-02 
      0.0531362       0.0753489       0.0213247      -3.27411338e-02 -1.87514527e-02 -2.94909549e-02 
     -0.0510158       0.1238405       0.0644612       4.92519858e-02 -4.08732036e-02 -2.16841967e-02 
     -0.0145445       0.0609583       0.0393320       2.63002729e-02 -3.10098755e-02 -2.32665131e-03 
# set: 0092 config: 0078  energy: 7.231875e-02 eV/at
     -0.1902712       0.0769062       0.0080605       1.02713054e-01 -3.85341775e-02 -2.99610153e-02 
     -0.0319595       0.0501713      -0.0947431       1.23110800e-02  8.46712792e-03  2.24632969e-02 
      0.0451024       0.0816683      -0.0747094      -1.57614267e-02 -1.69839831e-02  2.96373726e-02 
     -0.0135384      -0.0827373       0.0088876      -4.30798318e-02  6.08731173e-02 -4.29349006e-02 
     -0.0344911      -0.0077387       0.1336709      -3.24445145e-04  3.34024456e-03 -1.10569020e-01 
     -0.0307142       0.0740927      -0.2021140       1.37064043e-02 -8.90091523e-03  1.41257528e-01 
      0.0919065       0.0723788      -0.0819912      -5.57683396e-02 -3.23459070e-03  4.81337052e-02 
     -0.0538886       0.0133247      -0.0013530      -1.37964952e-02 -5.02682281e-03 -5.80269664e-02 
# set: 0093 config: 0079  energy: 4.495334e-02 eV/at
      0.0650316       0.0384162       0.0335951      -5.37611010e-02 -3.66620015e-02  1.67372684e-02 
     -0.0326969       0.0364606       0.0568137       5.61966604e-02 -4.50786402e-02 -3.15080675e-02 
      0.0559533       0.0168462       0.0098735      -9.74579608e-03  6.63501137e-04  2.62409171e-02 
     -0.0831964       0.0898852       0.0702538       4.21343136e-02 -3.78343822e-02 -2.22182418e-02 
      0.0985714      -0.0908565      -0.0807369      -7.41746833e-02  6.01565027e-02  8.10239739e-02 
      0.0335580       0.0188190       0.0592718      -2.86054043e-02  1.56777151e-02 -2.81656371e-02 
      0.0164913       0.0797269       0.0609353       3.60832791e-03 -1.87311043e-02 -1.70154187e-03 
     -0.0664361      -0.0805344       0.1157178       6.43476828e-02  6.18084095e-02 -4.04086712e-02 
# set: 0094 config: 0080  energy: 4.131615e-02 eV/at
     -0.0773858      -0.1057728       0.0196927       1.87250427e-02  3.90955384e-02 -3.26097377e-02 
     -0.0026188       0.0983030      -0.0223426      -2.19029200e-02 -4.02035616e-02  1.07666111e-03 
     -0.0355147      -0.0337209       0.0149609      -4.74636851e-03  2.26904091e-02 -2.24380354e-02 
     -0.0698075       0.0257577      -0.1392881       2.50992049e-03 -4.59857542e-02  6.68517486e-02 
     -0.1133376      -0.0026802       0.0571852       2.16762496e-02 -6.25593482e-03 -5.82869976e-02 
      0.1050929      -0.0938040      -0.0238434      -7.28385196e-02  5.56495781e-02  2.63491819e-02 
     -0.0518206       0.0143463      -0.0861588       3.82104305e-02 -2.27974262e-02  3.84047774e-02 
     -0.0975990      -0.0013153      -0.0172267       1.83661648e-02 -2.19284884e-03 -1.93475983e-02 
# set: 0095 config: 0080  energy: 4.131615e-02 eV/at
     -0.0773858      -0.1057728       0.0196927       1.87250427e-02  3.90955384e-02 -3.26097377e-02 
     -0.0026188       0.0983030      -0.0223426      -2.19029200e-02 -4.02035616e-02  1.07666111e-03 
     -0.0355147      -0.0337209       0.0149609      -4.74636851e-03  2.26904091e-02 -2.24380354e-02 
     -0.0698075       0.0257577      -0.1392881       2.50992049e-03 -4.59857542e-02  6.68517486e-02 
     -0.1133376      -0.0026802       0.0571852       2.16762496e-02 -6.25593482e-03 -5.82869976e-02 
      0.1050929      -0.0938040      -0.0238434      -7.28385196e-02  5.56495781e-02  2.63491819e-02 
     -0.0518206       0.0143463      -0.0861588       3.82104305e-02 -2.27974262e-02  3.84047774e-02 
     -0.0975990      -0.0013153      -0.0172267       1.83661648e-02 -2.19284884e-03 -1.93475983e-02 
# set: 0096 config: 0081  energy: 2.982320e-02 eV/at
      0.0243505       0.0117840      -0.0813098      -1.99551115e-02 -4.22112378e-02  2.33017871e-02 
      0.0291215      -0.1026487      -0.1230406      -5.84750861e-03  1.91176305e-02  4.09409726e-02 
     -0.0011916      -0.0303291       0.1254812       2.28815236e-02 -2.22044687e-02 -5.91303950e-02 
     -0.0690456      -0.0112501       0.0218139       2.85274316e-02 -1.89303732e-02 -1.75582556e-03 
      0.0062312      -0.0975498       0.0002377       3.94304958e-03 -1.66171970e-02 -5.33678896e-03 
      0.0458200      -0.1311587      -0.0235976      -3.99229906e-02  4.35930305e-02  2.31617566e-03 
     -0.0171058       0.0555116      -0.0005119       1.18799896e-02 -3.70661008e-02  2.44376018e-03 
      0.0126946      -0.1150663      -0.0090390      -1.50638363e-03  7.43187160e-02 -2.77968561e-03 
# set: 0097 config: 0082  energy: 5.390233e-02 eV/at
     -0.0349983      -0.0461991      -0.0229685       1.33118643e-02  2.01297606e-02  1.47849813e-02 
     -0.0457072      -0.0126848      -0.1153568       2.31111129e-02  8.74044871e-03  7.22080054e-02 
      0.1037927      -0.0426889      -0.1354707      -6.17121543e-02  7.81576048e-03  6.35326891e-02 
      0.0411583       0.0834464      -0.0489117      -4.55236767e-02 -7.16665585e-02  3.47069156e-02 
     -0.1151840       0.0051144       0.1037675       7.63718186e-02  2.35710762e-02 -9.96891551e-02 
     -0.0148817       0.0271821       0.0277119       1.87320385e-02 -1.52848002e-02 -3.63146720e-02 
      0.0170617      -0.0628972      -0.0383856      -2.08373436e-02  3.32720160e-02  1.44618033e-02 
     -0.0104681      -0.0078594       0.0625174      -3.45365968e-03 -6.57770290e-03 -6.36905676e-02 
# set: 0098 config: 0083  energy: 3.950755e-02 eV/at
     -0.0712702       0.0277871       0.0673419       5.53081854e-02  3.65449759e-03 -3.19074587e-02 
     -0.1814299       0.0047180       0.0422090       6.45306066e-02 -3.15441306e-03 -3.07556952e-02 
      0.0000930      -0.0191097       0.0794022      -8.93770877e-03  9.73162590e-03 -5.45562969e-02 
     -0.0329412       0.0295439       0.0516293      -5.30804021e-04  2.48345403e-03 -5.16612309e-02 
      0.0517927       0.1002945       0.0218129      -3.72176602e-02 -3.01923215e-02  1.15957178e-02 
     -0.0565350       0.0276830      -0.1135188      -4.95698081e-03 -9.04289202e-03  7.11940034e-02 
     -0.0112413      -0.0441692      -0.0249994      -2.79526091e-02  2.56868363e-02  4.41374163e-02 
      0.0325652       0.0385990      -0.0952356      -4.02430294e-02  8.33213101e-04  4.19535445e-02 
# set: 0099 config: 0084  energy: 6.390639e-02 eV/at
     -0.1138056      -0.0505871       0.0402641       5.95236196e-02  3.67658110e-03 -9.45072626e-03 
      0.0949254       0.1164384       0.0389698      -4.15402990e-02 -6.02739290e-02  9.06534386e-03 
     -0.0164320       0.0257788      -0.0624315      -4.14872976e-03 -1.04941028e-02  6.81070727e-02 
     -0.0062833      -0.1067526       0.0797725       2.35728917e-02  5.52650105e-02 -7.50085210e-03 
     -0.0487097      -0.0389781       0.0399246       2.47962548e-02  1.40772015e-02 -2.71305398e-02 
     -0.0832301      -0.1027454      -0.0371523       7.66756909e-02  3.47984338e-02  5.03312034e-02 
      0.1049845      -0.0546609       0.0514275      -6.46259372e-02  3.32480773e-02 -1.26605972e-02 
      0.0569842       0.1007510       0.1397154      -7.42534915e-02 -7.02972724e-02 -7.07609041e-02 
# set: 0100 config: 0085  energy: 1.890462e-02 eV/at
     -0.0349098       0.0715980      -0.0190083       8.25825573e-03 -2.45249542e-02  1.56943123e-02 
     -0.0170975      -0.0252799       0.0939103      -2.72193258e-02  3.70696008e-02 -5.26360742e-02 
     -0.0359677       0.0472929      -0.0736441      -5.95479718e-03 -1.45459454e-02  2.05981159e-02 
      0.0148584      -0.0194385      -0.0577211      -2.32023325e-02  2.39026824e-02  8.05151919e-03 
     -0.0447195       0.0830566      -0.0112467       1.13099674e-02 -8.19402455e-03  5.72411061e-03 
     -0.0755973       0.0453603      -0.0120213       3.58651973e-02 -7.88996948e-03 -5.71899686e-03 
      0.0045035      -0.0569755       0.0299758      -2.28928607e-02  2.30273473e-02 -2.95142313e-02 
     -0.0601477       0.0395723      -0.0632423       2.38358959e-02 -2.88447374e-02  3.78012443e-02 
