# set: 0001 config: 0000  energy: 1.586188e-01 eV/at
      0.0158602       0.2241560      -0.0554002      -3.85357130e-02 -1.22407132e-01  1.76219415e-02 
     -0.0820319      -0.0894038       0.0417776       2.09839445e-03  8.44932144e-02 -5.93996740e-02 
     -0.0523884      -0.0440071      -0.0777024      -3.11401958e-02  8.95701962e-02 -2.03781964e-02 
      0.0638612       0.0865562       0.1528977      -4.68986440e-02  2.89332923e-02 -1.40944946e-01 
     -0.0395452       0.1651602      -0.2819866       1.39211942e-02 -3.63395979e-02  1.11653350e-01 
      0.0506749       0.1722452      -0.2121582      -3.02994381e-02 -8.12249078e-02  1.03516017e-01 
      0.0342968      -0.0285039      -0.0576188      -3.67754944e-02  4.65737781e-02  2.83072732e-02 
     -0.2481805       0.1161330       0.0620379       1.67629897e-01 -9.59884361e-03 -4.03757655e-02 
# set: 0002 config: 0001  energy: 1.592197e-01 eV/at
      0.0340144       0.0059924       0.0729662      -4.41615246e-02 -1.47146749e-03 -8.55806592e-02 
     -0.0569287      -0.0606804      -0.0002141      -1.18288251e-02  5.43851327e-02 -1.31394846e-02 
     -0.2432692       0.0757886       0.0185895       8.09598901e-02  4.80312430e-03  9.02715247e-03 
      0.1848308      -0.0616370       0.0361561      -1.21232285e-01  4.50882158e-02 -1.68227243e-02 
     -0.2059394       0.0568380       0.1089168       8.21909511e-02 -9.70490002e-03 -1.09145048e-01 
      0.0091973      -0.0891796      -0.2112798       4.39389065e-03  3.66016535e-02  1.75962645e-01 
      0.0423746       0.2306162      -0.1442137      -6.17435078e-03 -1.50823376e-01  1.07272074e-01 
     -0.1009376       0.0795307       0.1122666       1.58522534e-02  2.11216173e-02 -6.75739552e-02 
# set: 0003 config: 0002  energy: 1.623169e-01 eV/at
      0.0369751      -0.0761897      -0.0895123       2.76684708e-02  3.96803484e-02  5.49843462e-02 
     -0.1395398      -0.2589052       0.1554077       5.28828636e-02  1.13628923e-01 -3.08150841e-02 
     -0.1057014      -0.0486217      -0.0705135       4.89704406e-02  1.65258281e-02  2.14229964e-02 
      0.1077909      -0.0561541      -0.0569590      -9.39168585e-03  4.62299685e-02  3.24250851e-02 
     -0.0581117       0.0529220       0.0803050       5.94790251e-02  1.02497914e-02 -6.60056608e-02 
     -0.0911101       0.1307174       0.0335955       7.38316527e-02 -1.37241427e-01 -1.10363354e-02 
      0.1659386      -0.1709237      -0.0403359      -1.27960303e-01  5.19725109e-02  1.57510195e-02 
      0.2251039       0.1837416      -0.0275150      -1.25480464e-01 -1.41045943e-01 -1.67263669e-02 
# set: 0004 config: 0003  energy: 1.363037e-01 eV/at
      0.0549828       0.1322421       0.0550874      -2.87921876e-02 -7.91451925e-03  1.19759997e-02 
     -0.0584663       0.0004438      -0.0694505       3.14979150e-02  2.00080864e-02  1.90660511e-02 
     -0.0348850      -0.0042750      -0.0334767       2.79211242e-02  1.30097959e-03  1.07497203e-01 
     -0.2081369      -0.0174084      -0.0847790       1.04939581e-01  5.90253825e-02  8.12445025e-02 
      0.3185122      -0.0848491       0.1622481      -1.48444547e-01  1.74037617e-02 -1.91668265e-02 
     -0.0803337      -0.0886464       0.2035081      -1.35636445e-02  6.39727706e-02 -1.08974484e-01 
     -0.0151343       0.2360250       0.0909487       3.72902473e-03 -1.09010505e-01 -6.04501249e-02 
     -0.0715858       0.1217983       0.0044996       2.27127338e-02 -4.47859569e-02 -3.11923209e-02 
# set: 0005 config: 0003  energy: 1.363037e-01 eV/at
      0.0549828       0.1322421       0.0550874      -2.87921876e-02 -7.91451925e-03  1.19759997e-02 
     -0.0584663       0.0004438      -0.0694505       3.14979150e-02  2.00080864e-02  1.90660511e-02 
     -0.0348850      -0.0042750      -0.0334767       2.79211242e-02  1.30097959e-03  1.07497203e-01 
     -0.2081369      -0.0174084      -0.0847790       1.04939581e-01  5.90253825e-02  8.12445025e-02 
      0.3185122      -0.0848491       0.1622481      -1.48444547e-01  1.74037617e-02 -1.91668265e-02 
     -0.0803337      -0.0886464       0.2035081      -1.35636445e-02  6.39727706e-02 -1.08974484e-01 
     -0.0151343       0.2360250       0.0909487       3.72902473e-03 -1.09010505e-01 -6.04501249e-02 
     -0.0715858       0.1217983       0.0044996       2.27127338e-02 -4.47859569e-02 -3.11923209e-02 
# set: 0006 config: 0004  energy: 1.052674e-01 eV/at
      0.0972339       0.0342258      -0.0774765      -6.47597852e-02  4.36147659e-02  1.53223521e-02 
     -0.2099708       0.0679999      -0.0555529       7.94561940e-02 -3.01692306e-02 -3.13317700e-02 
      0.0328819       0.0384477       0.1965104      -5.56637444e-03 -1.33008251e-02 -1.09622618e-01 
     -0.2086548       0.1941295      -0.1016277       9.11105124e-02 -6.33647464e-02  8.70741931e-03 
      0.0926404       0.0421866       0.0183360      -3.62567377e-02 -6.05243153e-03 -1.33987095e-02 
     -0.1727567       0.0070038      -0.0790700       3.46809952e-02  2.80574108e-02  2.59243651e-02 
     -0.0272628       0.1142208      -0.1881368      -2.25744869e-02 -1.99782883e-02  1.40341526e-01 
      0.0759510      -0.0017485      -0.0130160      -7.60903169e-02  6.11933448e-02 -3.59425648e-02 
# set: 0007 config: 0005  energy: 1.019986e-01 eV/at
      0.1290570      -0.1285918       0.0344346      -8.73627735e-02  7.35434481e-02 -3.92980974e-03 
      0.0727727       0.1583453       0.0547950      -3.62724170e-02 -4.98731347e-02  8.46000219e-03 
     -0.1027016      -0.1285000      -0.0181333       7.44708301e-02  1.06218034e-01  2.92725374e-02 
      0.0807015      -0.1439510      -0.1322881      -3.35774051e-02  4.94380499e-02  5.29965798e-02 
     -0.0871609       0.0914853       0.0712682       3.18057992e-02 -4.73435542e-02 -2.59367703e-02 
      0.0785211       0.1646581      -0.0023980      -7.67057807e-03 -5.77024789e-02  2.11167170e-02 
     -0.0259625       0.1329502       0.0796277       2.88155876e-02 -1.16574608e-01 -3.93858974e-02 
     -0.0610186      -0.1030222       0.0582007       2.97909568e-02  4.22942438e-02 -4.25933593e-02 
# set: 0008 config: 0006  energy: 1.504152e-01 eV/at
      0.0512802       0.0474551       0.0469445      -9.88155025e-02  7.08970157e-02 -6.89868055e-02 
     -0.0536949      -0.0835544       0.1573153       3.25430092e-03  7.45741554e-02 -7.65838494e-02 
     -0.0231929      -0.0610462       0.0944431      -2.31742706e-02  7.11122374e-02 -8.32619166e-02 
     -0.2115221       0.1677701      -0.2007030       8.62734820e-02  3.90988522e-03  9.01175784e-02 
      0.0185270       0.0888121      -0.0742530      -3.34426762e-02 -1.58341900e-02  2.88998903e-02 
      0.1111877       0.1941675      -0.0510799      -1.11630869e-01 -5.09559045e-02  1.74944647e-02 
     -0.2269741       0.1423249      -0.1746911       1.36252864e-01 -8.59457356e-02  1.42697568e-01 
     -0.0469438       0.0946699       0.0667190       4.12826718e-02 -6.77574632e-02 -5.03769297e-02 
# set: 0009 config: 0007  energy: 2.322749e-01 eV/at
      0.2093674       0.0638502      -0.0885923      -1.38894769e-01 -3.56424765e-02  3.03658901e-02 
      0.1343808      -0.0670138      -0.2208222      -7.85030519e-02  7.70084173e-03  7.16208723e-02 
     -0.0142774       0.1598180      -0.0459576      -1.86357942e-02 -1.37756805e-01  3.18123205e-02 
     -0.2034744       0.0670015       0.0374954       1.09438895e-01 -1.09993510e-01 -5.52660237e-02 
     -0.2677367       0.0611880       0.2345889       1.34302650e-01  9.21377896e-03 -1.20882189e-01 
     -0.1746919      -0.0879642       0.0569433       1.40413053e-01  9.01934567e-02 -5.99340652e-02 
     -0.0010802      -0.0691855      -0.2362811      -8.10021572e-02  7.94861003e-02  1.48069342e-01 
      0.0774818      -0.0926973      -0.0424816      -6.71188269e-02  9.67986139e-02 -4.57861469e-02 
# set: 0010 config: 0007  energy: 2.322749e-01 eV/at
      0.2093674       0.0638502      -0.0885923      -1.38894769e-01 -3.56424765e-02  3.03658901e-02 
      0.1343808      -0.0670138      -0.2208222      -7.85030519e-02  7.70084173e-03  7.16208723e-02 
     -0.0142774       0.1598180      -0.0459576      -1.86357942e-02 -1.37756805e-01  3.18123205e-02 
     -0.2034744       0.0670015       0.0374954       1.09438895e-01 -1.09993510e-01 -5.52660237e-02 
     -0.2677367       0.0611880       0.2345889       1.34302650e-01  9.21377896e-03 -1.20882189e-01 
     -0.1746919      -0.0879642       0.0569433       1.40413053e-01  9.01934567e-02 -5.99340652e-02 
     -0.0010802      -0.0691855      -0.2362811      -8.10021572e-02  7.94861003e-02  1.48069342e-01 
      0.0774818      -0.0926973      -0.0424816      -6.71188269e-02  9.67986139e-02 -4.57861469e-02 
# set: 0011 config: 0007  energy: 2.322749e-01 eV/at
      0.2093674       0.0638502      -0.0885923      -1.38894769e-01 -3.56424765e-02  3.03658901e-02 
      0.1343808      -0.0670138      -0.2208222      -7.85030519e-02  7.70084173e-03  7.16208723e-02 
     -0.0142774       0.1598180      -0.0459576      -1.86357942e-02 -1.37756805e-01  3.18123205e-02 
     -0.2034744       0.0670015       0.0374954       1.09438895e-01 -1.09993510e-01 -5.52660237e-02 
     -0.2677367       0.0611880       0.2345889       1.34302650e-01  9.21377896e-03 -1.20882189e-01 
     -0.1746919      -0.0879642       0.0569433       1.40413053e-01  9.01934567e-02 -5.99340652e-02 
     -0.0010802      -0.0691855      -0.2362811      -8.10021572e-02  7.94861003e-02  1.48069342e-01 
      0.0774818      -0.0926973      -0.0424816      -6.71188269e-02  9.67986139e-02 -4.57861469e-02 
# set: 0012 config: 0007  energy: 2.322749e-01 eV/at
      0.2093674       0.0638502      -0.0885923      -1.38894769e-01 -3.56424765e-02  3.03658901e-02 
      0.1343808      -0.0670138      -0.2208222      -7.85030519e-02  7.70084173e-03  7.16208723e-02 
     -0.0142774       0.1598180      -0.0459576      -1.86357942e-02 -1.37756805e-01  3.18123205e-02 
     -0.2034744       0.0670015       0.0374954       1.09438895e-01 -1.09993510e-01 -5.52660237e-02 
     -0.2677367       0.0611880       0.2345889       1.34302650e-01  9.21377896e-03 -1.20882189e-01 
     -0.1746919      -0.0879642       0.0569433       1.40413053e-01  9.01934567e-02 -5.99340652e-02 
     -0.0010802      -0.0691855      -0.2362811      -8.10021572e-02  7.94861003e-02  1.48069342e-01 
      0.0774818      -0.0926973      -0.0424816      -6.71188269e-02  9.67986139e-02 -4.57861469e-02 
# set: 0013 config: 0008  energy: 9.524858e-02 eV/at
     -0.0765107      -0.0680579       0.0006754       3.38498248e-02  7.15765773e-02 -2.98079662e-02 
     -0.2498806      -0.0347407      -0.0978850       1.43945660e-01  2.70451862e-02  4.75613451e-02 
      0.0168934      -0.0332140      -0.0558970      -9.85420324e-03  3.16749340e-02  3.98550637e-02 
      0.0136624       0.1190631       0.0135630      -2.10171325e-03 -1.59045551e-02  1.11066255e-02 
      0.1192295      -0.0007504      -0.0359208      -9.03422753e-02 -1.62519297e-02 -1.00805096e-02 
      0.0589346      -0.0464902       0.0044733      -8.43931317e-02  1.33615477e-02 -3.13400661e-02 
     -0.1054951       0.2057160      -0.0387444       4.45798007e-02 -1.13044017e-01  3.68146041e-02 
      0.1013765       0.0441239       0.1205908      -3.56839626e-02  1.54225694e-03 -6.41090965e-02 
# set: 0014 config: 0009  energy: 1.011259e-01 eV/at
      0.0707055       0.0532842      -0.0395782      -3.38749428e-02  4.03828558e-02 -1.49639091e-02 
      0.0574865       0.1658552       0.0149997       1.75089756e-02 -3.10527770e-02 -3.18106111e-02 
     -0.0801091       0.0422601       0.0515199       3.56866941e-02  1.95875105e-02 -2.96126715e-02 
      0.2569691       0.2332546       0.1564078      -4.27513273e-02 -8.90974568e-02 -7.88725465e-02 
     -0.0165272       0.0551223      -0.0379616       6.03501538e-02  2.29332873e-02 -2.19108636e-02 
     -0.0114969       0.0337253       0.0427458       6.38159060e-02  1.41515229e-02  3.64946037e-02 
      0.1833101       0.1799772      -0.3127025      -8.01683151e-02 -2.01203592e-02  1.56814029e-01 
      0.0604199       0.0926840       0.0335698      -2.05671448e-02  4.32154164e-02 -1.61380304e-02 
# set: 0015 config: 0010  energy: 1.259126e-01 eV/at
     -0.1623563      -0.1726199       0.0593840       8.41415794e-02  8.67057458e-02 -3.93855956e-02 
     -0.1577496       0.2063176      -0.0899510       7.36921686e-02 -8.27294526e-02  6.31516997e-02 
      0.0217230      -0.0145972      -0.1934337      -3.36757952e-02  2.33910562e-02  9.54034942e-02 
      0.1079050      -0.1019542       0.0799153      -3.45964350e-02  4.10153177e-02 -1.84641313e-02 
     -0.0129752       0.0986526      -0.0571195      -6.88034535e-02 -6.11086679e-02  2.28215104e-02 
      0.1671249      -0.0899552       0.0997266      -7.13579599e-02  5.66847283e-02 -5.25875102e-02 
     -0.1284768       0.0722042       0.0413420       7.59044667e-02 -6.11819971e-02 -4.81860901e-02 
      0.0723706       0.0327741       0.0643022      -2.53045712e-02 -2.77673046e-03 -2.27533770e-02 
# set: 0016 config: 0011  energy: 9.489338e-02 eV/at
     -0.0719688       0.0287865      -0.0620645       6.55730936e-02 -1.77085654e-02 -1.36760943e-02 
     -0.0517425       0.1343817       0.0811858       6.88351511e-02 -7.73435629e-02 -9.08756556e-02 
     -0.0892820       0.0383278       0.0978065       7.14967240e-02 -3.54459170e-02 -1.02636467e-01 
      0.1147371       0.1493383      -0.1112022      -4.60797221e-02 -8.64369196e-02  4.88885944e-02 
      0.0213602      -0.0689255      -0.0843091      -3.48275070e-02  1.11110050e-01  3.71456464e-02 
      0.1817413       0.0163321      -0.0709707      -9.20975610e-02  1.84159695e-02  2.73263916e-02 
      0.0137261      -0.0421687      -0.0557259       3.04857795e-03  5.19767697e-02 -1.99515122e-04 
      0.0538780       0.0192998      -0.1588139      -3.59487571e-02  3.54321754e-02  9.40270999e-02 
# set: 0017 config: 0012  energy: 1.652313e-01 eV/at
     -0.0854922       0.1699275      -0.0307707       7.57858021e-03 -1.13657907e-01 -1.16963832e-03 
      0.0709869       0.0999064       0.0320073      -9.39699151e-02 -4.34305427e-02 -4.75159973e-03 
     -0.0268741      -0.2178494      -0.0298832      -7.59580406e-02  1.22140590e-01 -2.08406853e-02 
     -0.0466144      -0.0373822      -0.0113917      -1.69209705e-02 -1.62617422e-02  3.35800814e-03 
     -0.2431229       0.1524943      -0.0500324       1.34187443e-01 -1.46810071e-01  9.22835286e-02 
     -0.1162239      -0.3086329      -0.0167858       1.08310481e-02  1.76067120e-01  1.06562908e-02 
     -0.0255304      -0.0015593       0.0755540      -3.29813303e-02 -5.32189734e-02 -9.25392247e-02 
     -0.1913755      -0.0719862      -0.0637848       6.72331848e-02  7.51715257e-02  1.30033201e-02 
# set: 0018 config: 0012  energy: 1.652313e-01 eV/at
     -0.0854922       0.1699275      -0.0307707       7.57858021e-03 -1.13657907e-01 -1.16963832e-03 
      0.0709869       0.0999064       0.0320073      -9.39699151e-02 -4.34305427e-02 -4.75159973e-03 
     -0.0268741      -0.2178494      -0.0298832      -7.59580406e-02  1.22140590e-01 -2.08406853e-02 
     -0.0466144      -0.0373822      -0.0113917      -1.69209705e-02 -1.62617422e-02  3.35800814e-03 
     -0.2431229       0.1524943      -0.0500324       1.34187443e-01 -1.46810071e-01  9.22835286e-02 
     -0.1162239      -0.3086329      -0.0167858       1.08310481e-02  1.76067120e-01  1.06562908e-02 
     -0.0255304      -0.0015593       0.0755540      -3.29813303e-02 -5.32189734e-02 -9.25392247e-02 
     -0.1913755      -0.0719862      -0.0637848       6.72331848e-02  7.51715257e-02  1.30033201e-02 
# set: 0019 config: 0012  energy: 1.652313e-01 eV/at
     -0.0854922       0.1699275      -0.0307707       7.57858021e-03 -1.13657907e-01 -1.16963832e-03 
      0.0709869       0.0999064       0.0320073      -9.39699151e-02 -4.34305427e-02 -4.75159973e-03 
     -0.0268741      -0.2178494      -0.0298832      -7.59580406e-02  1.22140590e-01 -2.08406853e-02 
     -0.0466144      -0.0373822      -0.0113917      -1.69209705e-02 -1.62617422e-02  3.35800814e-03 
     -0.2431229       0.1524943      -0.0500324       1.34187443e-01 -1.46810071e-01  9.22835286e-02 
     -0.1162239      -0.3086329      -0.0167858       1.08310481e-02  1.76067120e-01  1.06562908e-02 
     -0.0255304      -0.0015593       0.0755540      -3.29813303e-02 -5.32189734e-02 -9.25392247e-02 
     -0.1913755      -0.0719862      -0.0637848       6.72331848e-02  7.51715257e-02  1.30033201e-02 
# set: 0020 config: 0012  energy: 1.652313e-01 eV/at
     -0.0854922       0.1699275      -0.0307707       7.57858021e-03 -1.13657907e-01 -1.16963832e-03 
      0.0709869       0.0999064       0.0320073      -9.39699151e-02 -4.34305427e-02 -4.75159973e-03 
     -0.0268741      -0.2178494      -0.0298832      -7.59580406e-02  1.22140590e-01 -2.08406853e-02 
     -0.0466144      -0.0373822      -0.0113917      -1.69209705e-02 -1.62617422e-02  3.35800814e-03 
     -0.2431229       0.1524943      -0.0500324       1.34187443e-01 -1.46810071e-01  9.22835286e-02 
     -0.1162239      -0.3086329      -0.0167858       1.08310481e-02  1.76067120e-01  1.06562908e-02 
     -0.0255304      -0.0015593       0.0755540      -3.29813303e-02 -5.32189734e-02 -9.25392247e-02 
     -0.1913755      -0.0719862      -0.0637848       6.72331848e-02  7.51715257e-02  1.30033201e-02 
# set: 0021 config: 0013  energy: 2.318286e-01 eV/at
      0.1150187      -0.1145431      -0.0623654      -5.66831235e-02  1.95204658e-02  3.87917000e-03 
      0.1176913      -0.1570725      -0.1600227      -9.76485840e-02  2.94160481e-04  9.25258265e-02 
     -0.1098623      -0.0758854       0.2449325       3.14286432e-02  5.78325409e-03 -1.24809257e-01 
      0.1565529       0.2075363       0.1193590      -6.79559484e-02 -1.30483225e-01 -3.14330052e-02 
     -0.1567696      -0.1150541       0.0159879       1.11735226e-01  9.59202747e-02 -6.22009943e-02 
      0.0724301       0.1037680      -0.1452103      -2.28419184e-02 -1.42240985e-01  5.56321063e-02 
     -0.1597398      -0.3594591      -0.0983101       7.62802163e-02  2.06126298e-01  2.49123754e-02 
     -0.0201300       0.0294151      -0.0585026       2.56854890e-02 -5.49202430e-02  4.14937785e-02 
# set: 0022 config: 0013  energy: 2.318286e-01 eV/at
      0.1150187      -0.1145431      -0.0623654      -5.66831235e-02  1.95204658e-02  3.87917000e-03 
      0.1176913      -0.1570725      -0.1600227      -9.76485840e-02  2.94160481e-04  9.25258265e-02 
     -0.1098623      -0.0758854       0.2449325       3.14286432e-02  5.78325409e-03 -1.24809257e-01 
      0.1565529       0.2075363       0.1193590      -6.79559484e-02 -1.30483225e-01 -3.14330052e-02 
     -0.1567696      -0.1150541       0.0159879       1.11735226e-01  9.59202747e-02 -6.22009943e-02 
      0.0724301       0.1037680      -0.1452103      -2.28419184e-02 -1.42240985e-01  5.56321063e-02 
     -0.1597398      -0.3594591      -0.0983101       7.62802163e-02  2.06126298e-01  2.49123754e-02 
     -0.0201300       0.0294151      -0.0585026       2.56854890e-02 -5.49202430e-02  4.14937785e-02 
# set: 0023 config: 0014  energy: 1.692669e-01 eV/at
     -0.1419832      -0.2201364      -0.2105101       7.48945765e-02  1.19723052e-01  7.26410989e-02 
     -0.1396196       0.2449481      -0.0380362       8.59989738e-02 -1.58532097e-01 -7.26869741e-02 
      0.0947246       0.0035071      -0.1417120      -1.21178807e-01  3.11362279e-03  4.57111570e-02 
     -0.0348989       0.1539716       0.0312940       3.22078460e-02 -9.59315469e-02 -6.63322160e-02 
      0.0288768       0.0532121      -0.2692200      -1.09748500e-01  1.02692920e-02  1.25567205e-01 
     -0.0542194      -0.1181386       0.0559032       4.31525317e-02  8.08032060e-02 -1.22115819e-01 
      0.0052228      -0.0872121      -0.0649109      -3.05755044e-02  7.93724806e-02 -2.03168768e-02 
     -0.1092579       0.1437913      -0.0942222       2.52488839e-02 -3.88180101e-02  3.75324251e-02 
# set: 0024 config: 0015  energy: 1.248960e-01 eV/at
     -0.0233624      -0.0231927      -0.0057637       5.89881860e-02 -4.68831697e-02 -3.16022080e-02 
     -0.2918371      -0.0761076       0.0194409       1.52512796e-01  1.61336214e-02  4.53341441e-03 
      0.0988102      -0.0049860      -0.2047725      -5.07899746e-02  2.70641119e-02  4.92007604e-02 
      0.0523278      -0.0057267       0.1201012       6.55223952e-03 -2.35586266e-02 -1.10538412e-01 
     -0.0377138       0.0988605      -0.1996635      -2.91685707e-03 -1.57050283e-02  9.97363480e-02 
      0.1645212      -0.0000742      -0.1356382      -7.01758440e-02 -2.57518314e-02  9.39198767e-03 
      0.1837599      -0.2102627       0.0736974      -1.09225389e-01  7.19297654e-02 -9.10708703e-03 
     -0.0356636      -0.0169665       0.0172040       1.50548433e-02 -3.22884336e-03 -1.16148038e-02 
# set: 0025 config: 0016  energy: 1.706330e-01 eV/at
     -0.0148213      -0.0216163       0.1413539      -6.31029055e-02  1.07954964e-02 -6.10831676e-02 
      0.0387463      -0.0401486      -0.0887563      -8.78950808e-02 -5.85461902e-02  1.26238770e-01 
      0.1597961       0.0634776      -0.0427183      -1.18915355e-01 -3.03510039e-02  3.82927943e-02 
     -0.2726778      -0.1609823       0.0602322       8.21508294e-02  1.22336315e-01  2.44760048e-02 
     -0.0520505      -0.0099959      -0.1571561      -5.32155309e-03 -1.75947408e-02  9.83819073e-02 
     -0.1044708       0.1024516       0.0366810       1.24667975e-02 -3.12902093e-02 -5.10674873e-02 
     -0.3603207      -0.0225757       0.1803661       1.94821381e-01  6.44271210e-02 -9.86319836e-02 
     -0.0360238      -0.0214502       0.1648572      -1.42041136e-02 -5.97767876e-02 -7.66068383e-02 
# set: 0026 config: 0016  energy: 1.706330e-01 eV/at
     -0.0148213      -0.0216163       0.1413539      -6.31029055e-02  1.07954964e-02 -6.10831676e-02 
      0.0387463      -0.0401486      -0.0887563      -8.78950808e-02 -5.85461902e-02  1.26238770e-01 
      0.1597961       0.0634776      -0.0427183      -1.18915355e-01 -3.03510039e-02  3.82927943e-02 
     -0.2726778      -0.1609823       0.0602322       8.21508294e-02  1.22336315e-01  2.44760048e-02 
     -0.0520505      -0.0099959      -0.1571561      -5.32155309e-03 -1.75947408e-02  9.83819073e-02 
     -0.1044708       0.1024516       0.0366810       1.24667975e-02 -3.12902093e-02 -5.10674873e-02 
     -0.3603207      -0.0225757       0.1803661       1.94821381e-01  6.44271210e-02 -9.86319836e-02 
     -0.0360238      -0.0214502       0.1648572      -1.42041136e-02 -5.97767876e-02 -7.66068383e-02 
# set: 0027 config: 0017  energy: 1.470336e-01 eV/at
     -0.3121545       0.1350476      -0.1888963       1.04897480e-01 -1.19903527e-02  6.44812554e-02 
      0.2977793       0.0373186       0.0355552      -8.20113644e-02  9.94579077e-03 -4.11089441e-02 
      0.1804560      -0.1246307      -0.1050344      -1.07588180e-01  2.03021504e-02  2.80362911e-02 
      0.1046393      -0.0154146      -0.1632467      -2.27504063e-02  7.71457435e-03  1.09583075e-01 
     -0.0485891      -0.1044530      -0.0774385       7.76835613e-02  4.50027910e-02 -2.02316892e-02 
     -0.0630057       0.0494141       0.2232081       7.78727956e-02  1.47529682e-02 -9.75678732e-02 
      0.0060623       0.0589143      -0.1970595      -1.06472908e-02  2.22141210e-02  7.25119392e-03 
      0.0863271       0.1181178       0.0887428      -3.74565954e-02 -1.07942043e-01 -5.04433098e-02 
# set: 0028 config: 0018  energy: 1.744707e-01 eV/at
     -0.1403211      -0.1031478      -0.0882351       4.76417989e-02  2.42710896e-02  2.15687790e-03 
     -0.1049266       0.0966075      -0.0769071       3.13737240e-02 -7.78828244e-02  3.24880094e-02 
      0.2746283       0.0222850      -0.1115190      -1.39668572e-01 -3.94272871e-03  1.70246591e-02 
      0.1346039       0.2161282       0.1358362      -1.38923729e-01 -9.54652755e-02 -3.97456900e-02 
     -0.2504247      -0.1174532      -0.0308091       1.50607964e-01  6.31789865e-02 -5.58747204e-02 
     -0.1059962       0.0578990      -0.2086612       1.12999736e-01 -2.44760227e-02  7.07862648e-02 
     -0.0714142      -0.0348877       0.0093548      -1.20203383e-02  5.38152827e-02  9.66281031e-03 
      0.1052947      -0.1808647       0.0261118      -5.20105844e-02  6.05014928e-02 -3.64982111e-02 
# set: 0029 config: 0019  energy: 1.527024e-01 eV/at
     -0.0852532       0.1918989      -0.1835861       5.92343430e-02 -1.39351652e-01  7.77424446e-03 
     -0.0943513      -0.2794591      -0.0374658       3.91855718e-02  1.32865509e-01  6.78116497e-03 
     -0.1756769      -0.1443039      -0.1545590       7.84607669e-02  4.52834068e-02  4.50503554e-02 
     -0.0561141      -0.0066503      -0.1009356       4.80480712e-02 -7.47626421e-03  1.88097829e-02 
      0.0473864       0.0394683      -0.0846554      -7.02127142e-02 -4.12553478e-02 -4.98141313e-03 
      0.2554262      -0.2159146      -0.0047889      -2.06155942e-01  4.64321058e-02 -1.44655219e-02 
     -0.0075039      -0.1316184      -0.0344258      -2.73182087e-02 -9.72661405e-03 -4.28012825e-02 
     -0.0631492       0.0402610      -0.0412806       7.87581112e-02 -2.67711439e-02 -1.61673302e-02 
# set: 0030 config: 0020  energy: 1.906948e-01 eV/at
     -0.0108234       0.1424943      -0.1954186       7.62872872e-04 -6.94843207e-03  7.51025207e-02 
      0.0347139       0.0512784      -0.2019797       1.99090799e-02  3.14913466e-02  6.38671171e-02 
      0.2769790       0.0410252       0.2689168      -1.52758409e-01  9.25787050e-02 -1.86807274e-01 
     -0.0865203       0.0847978      -0.0319615       4.77842350e-02 -6.86142818e-03  3.27559493e-02 
     -0.1703958       0.1943356       0.1276880       1.55961175e-01 -1.64556522e-01 -7.14497493e-03 
      0.0288577       0.0344506       0.0224211       7.92131400e-03  2.85851126e-02  2.76502303e-03 
     -0.0110346       0.1723718      -0.2382452      -1.67244436e-02 -3.22711488e-02  1.13523190e-01 
      0.1399362       0.0134950       0.0554507      -6.28558240e-02  5.79823669e-02 -9.40615505e-02 
# set: 0031 config: 0020  energy: 1.906948e-01 eV/at
     -0.0108234       0.1424943      -0.1954186       7.62872872e-04 -6.94843207e-03  7.51025207e-02 
      0.0347139       0.0512784      -0.2019797       1.99090799e-02  3.14913466e-02  6.38671171e-02 
      0.2769790       0.0410252       0.2689168      -1.52758409e-01  9.25787050e-02 -1.86807274e-01 
     -0.0865203       0.0847978      -0.0319615       4.77842350e-02 -6.86142818e-03  3.27559493e-02 
     -0.1703958       0.1943356       0.1276880       1.55961175e-01 -1.64556522e-01 -7.14497493e-03 
      0.0288577       0.0344506       0.0224211       7.92131400e-03  2.85851126e-02  2.76502303e-03 
     -0.0110346       0.1723718      -0.2382452      -1.67244436e-02 -3.22711488e-02  1.13523190e-01 
      0.1399362       0.0134950       0.0554507      -6.28558240e-02  5.79823669e-02 -9.40615505e-02 
# set: 0032 config: 0021  energy: 1.312696e-01 eV/at
      0.1791619       0.0852921       0.0434006      -9.49643699e-02 -2.54221227e-02  4.13014077e-02 
     -0.1870220       0.0287513       0.2524239       5.68461247e-02 -4.06233354e-02 -7.45168259e-02 
     -0.1416661      -0.0805925      -0.1024790       6.38261316e-02  2.53253211e-02  1.04338643e-01 
     -0.2161033       0.1347951       0.0766362       8.11567787e-02 -9.13062466e-02 -1.91416887e-03 
      0.0588560      -0.1470806       0.3163229      -3.04679203e-02  1.15389215e-01 -4.64436748e-02 
     -0.1739595       0.0222643       0.1691947       5.58518535e-02 -6.36377101e-03 -3.95592709e-02 
      0.0001294      -0.0469832       0.0727429      -1.00468238e-01  3.20659101e-02  2.99773581e-02 
      0.0448239       0.0055516       0.0122305      -3.17803599e-02 -9.06496970e-03 -1.31834685e-02 
# set: 0033 config: 0022  energy: 1.199781e-01 eV/at
      0.1265581       0.0168294      -0.0856892      -8.33191912e-02  6.66536605e-03  6.91216161e-02 
      0.1478207       0.0334312       0.0674470      -9.44288220e-02  4.46676843e-02 -5.11135388e-02 
     -0.1823573      -0.0193764       0.0271112       9.43540809e-02  4.72470785e-02 -4.22126243e-03 
     -0.1758007       0.0366522      -0.0356496       9.46514334e-02 -1.94528703e-02 -4.07560434e-04 
     -0.0581951       0.2408317       0.0405534       1.36657478e-02 -1.23998363e-01 -1.06528779e-02 
      0.0020077      -0.0253783       0.0961928       1.59667560e-03  5.73744485e-02 -3.63736584e-02 
      0.1385720       0.1269685      -0.0696809      -8.32761618e-02 -8.67571133e-02  8.56822810e-03 
     -0.1324647      -0.0466256      -0.0607525       5.67562373e-02  7.42537696e-02  2.50790537e-02 
# set: 0034 config: 0023  energy: 7.675973e-02 eV/at
      0.0578700      -0.0333703      -0.0180079      -4.63512456e-02  2.54587335e-02 -9.13405521e-04 
      0.0232507       0.0163936       0.0358472       2.20992757e-02 -2.84417092e-02 -7.04784701e-02 
     -0.2037565      -0.1076423       0.0583808       8.56480357e-02  5.25165851e-02  6.85760219e-03 
      0.0769936      -0.0460158      -0.1520454       1.54287034e-02  2.97709918e-02  8.73078897e-02 
      0.0913777      -0.1267072      -0.1231295      -4.16482001e-02  8.08756554e-02  4.79971281e-02 
     -0.0688904      -0.0617018       0.0976881       1.93312750e-02 -9.09489148e-03 -2.88091783e-02 
      0.0735533       0.0958252      -0.1035341      -2.91918028e-02 -6.70882066e-02  6.58310331e-03 
     -0.0044421       0.1426003       0.0992957      -2.53160414e-02 -8.39971581e-02 -4.85446697e-02 
# set: 0035 config: 0024  energy: 1.106602e-01 eV/at
      0.0449884       0.0884733       0.2023516      -2.95405795e-02 -3.53035625e-02 -6.28488628e-02 
     -0.2138588       0.0138550       0.0213921       1.55248438e-02  4.02261348e-03  3.46069032e-02 
      0.0314760       0.0698270      -0.0382647      -5.15807440e-02 -6.31510113e-02  4.56327167e-02 
     -0.1133990      -0.2991822       0.0994171      -5.21808339e-02  1.77311592e-01 -6.91912535e-02 
     -0.1240383       0.0958754       0.2043911       3.07564135e-02 -3.08479466e-02 -3.22599521e-02 
     -0.2125826       0.0227903      -0.0815524       1.30528896e-01 -4.72094402e-02  9.30894379e-02 
     -0.1213279      -0.0898189       0.1255319       1.73768608e-02  1.77008081e-02 -9.78234420e-03 
     -0.0150719       0.0091111      -0.0591106      -6.08848574e-02 -2.25230537e-02  7.53354779e-04 
# set: 0036 config: 0025  energy: 1.827472e-01 eV/at
      0.1367763       0.1092189       0.0661863      -4.59753992e-02 -4.58870565e-02  2.80398374e-03 
     -0.0223270       0.0898201       0.1463834       1.61382093e-02 -4.54166472e-02 -7.35022867e-02 
      0.0039238       0.0558162       0.0269894       2.52491950e-03 -2.08775493e-02  4.69558759e-02 
     -0.1101667       0.0604502      -0.0528952       3.85778918e-02 -4.28492907e-02  8.92701710e-02 
     -0.2348115      -0.2633493      -0.0456239       1.35307785e-01  1.55079013e-01  1.25814024e-02 
     -0.1738809      -0.1039174       0.0136031       1.33264102e-01  5.11151420e-02 -2.80348851e-02 
      0.2374443       0.0187846       0.1083824      -1.65074089e-01  2.06655485e-02 -2.86016903e-02 
      0.0906470       0.1266275       0.0449617      -1.14763419e-01 -7.18291599e-02 -2.14725709e-02 
# set: 0037 config: 0026  energy: 9.767930e-02 eV/at
      0.0923451       0.1739352      -0.1142098      -5.06241411e-02 -2.27050954e-02  4.39378937e-02 
     -0.1321613       0.0801222      -0.0658477       9.60632627e-02 -4.07760387e-03 -4.85004229e-04 
     -0.0765745      -0.0132105      -0.0655923       5.22102998e-02  2.78764889e-02  7.62750773e-02 
      0.0049834      -0.0250036       0.0607481       2.33660615e-02  6.28348233e-02 -1.96795274e-02 
      0.1792348      -0.0106946       0.0026192      -6.84365977e-02  3.06068159e-02  8.79694002e-03 
     -0.1354026       0.0554706       0.1381533       6.17412403e-02 -5.78160500e-03 -5.20728775e-02 
      0.1027140       0.2700020      -0.1520581      -7.25017272e-02 -1.01717864e-01  1.87975718e-02 
      0.0935872       0.0997154       0.0597616      -4.18183986e-02  1.29640397e-02 -7.55700741e-02 
# set: 0038 config: 0027  energy: 1.338646e-01 eV/at
     -0.0809817      -0.0389126       0.2225551       3.38819122e-02  2.98048139e-02 -2.60342214e-02 
     -0.0916518      -0.0635514       0.2065827       6.04278127e-02  8.50142783e-02 -2.76619914e-02 
      0.2050011       0.1416369       0.0705425      -1.15382622e-01 -2.64096062e-02 -1.83629211e-02 
      0.0681060      -0.2100672      -0.0858391      -2.31137795e-02  1.22999277e-01  3.41844581e-02 
      0.0340108       0.1838346       0.0182974      -1.88452965e-02 -4.74311563e-02  3.48228323e-02 
      0.0118799       0.2693875       0.1395786      -1.26307571e-02 -1.23964038e-01 -2.68714215e-02 
      0.0010119      -0.1493532      -0.0399999       3.52026755e-02  4.67750570e-02  5.33027374e-02 
     -0.1159633       0.0428995       0.1389738       4.04600553e-02 -8.67886254e-02 -2.33794728e-02 
# set: 0039 config: 0028  energy: 1.842317e-01 eV/at
      0.0351641       0.0620244       0.1884397      -1.69342473e-03 -1.98179626e-02 -4.54533459e-02 
      0.1257824      -0.0651279       0.0227379      -3.04301038e-02  3.64020411e-02  6.91916456e-02 
     -0.1770932      -0.0207470      -0.2844042       1.26509901e-01  7.74987593e-02  1.63982831e-01 
      0.0277851       0.0562907       0.0417605      -9.70799363e-03 -3.30242395e-02  1.47082652e-02 
      0.1638259      -0.2126048       0.2082851      -3.22900691e-02  1.30882665e-01 -5.63548831e-02 
      0.1163045       0.2204578       0.1236832      -8.39457036e-02 -1.36249536e-01 -5.22326256e-02 
      0.0135646      -0.0975773       0.1748509      -1.03792339e-02  4.12658471e-02 -1.09706531e-01 
      0.0163530       0.0583927       0.0371740       4.19366273e-02 -9.69575741e-02  1.58646438e-02 
# set: 0040 config: 0028  energy: 1.842317e-01 eV/at
      0.0351641       0.0620244       0.1884397      -1.69342473e-03 -1.98179626e-02 -4.54533459e-02 
      0.1257824      -0.0651279       0.0227379      -3.04301038e-02  3.64020411e-02  6.91916456e-02 
     -0.1770932      -0.0207470      -0.2844042       1.26509901e-01  7.74987593e-02  1.63982831e-01 
      0.0277851       0.0562907       0.0417605      -9.70799363e-03 -3.30242395e-02  1.47082652e-02 
      0.1638259      -0.2126048       0.2082851      -3.22900691e-02  1.30882665e-01 -5.63548831e-02 
      0.1163045       0.2204578       0.1236832      -8.39457036e-02 -1.36249536e-01 -5.22326256e-02 
      0.0135646      -0.0975773       0.1748509      -1.03792339e-02  4.12658471e-02 -1.09706531e-01 
      0.0163530       0.0583927       0.0371740       4.19366273e-02 -9.69575741e-02  1.58646438e-02 
# set: 0041 config: 0029  energy: 9.316907e-02 eV/at
     -0.0078048      -0.0180650       0.0961774       1.45177334e-02  2.64928195e-02  4.83346108e-03 
     -0.0385349      -0.1435184      -0.0455247       5.75894819e-02  7.52909017e-02  5.73175916e-02 
      0.0808004       0.1154154      -0.0466633      -6.87904030e-02 -7.79326458e-02  1.10307929e-01 
      0.0773531       0.1544555       0.0385291      -2.40863452e-02 -3.30181713e-02  5.92994442e-05 
      0.1747809       0.0079668      -0.0299880      -4.38294442e-02  1.87107822e-02  3.70435894e-02 
     -0.1535749       0.0734830       0.2374293       6.96553103e-02  4.94753234e-03 -1.74053216e-01 
      0.0542162       0.0277334       0.1605377      -2.00975382e-02  4.27398493e-03 -6.92132312e-02 
     -0.0078766       0.0515336       0.0707835       1.50412051e-02 -1.87652040e-02  3.37045766e-02 
# set: 0042 config: 0030  energy: 1.104878e-01 eV/at
     -0.0407626      -0.1578751       0.0255377      -1.03651092e-02  5.01417167e-02 -3.01177756e-02 
      0.1251538      -0.1109799      -0.0973206      -6.08407771e-02  1.46966301e-02  2.83489642e-02 
      0.0114854       0.1526201       0.0736568      -2.56017639e-02 -1.19837742e-01 -3.97719480e-02 
      0.0543068       0.0044677      -0.1566455      -4.12465543e-02 -4.47087640e-02  9.10450840e-02 
     -0.1890529       0.0203051       0.0204800       1.26872966e-01 -1.72252581e-02 -5.84688814e-02 
     -0.0873311      -0.1748412       0.0559065       8.89614665e-02  9.42100661e-02 -5.50020429e-02 
     -0.0496963      -0.0466630      -0.1063851       2.33247100e-02 -2.39305320e-02  3.98032774e-02 
      0.1008927      -0.0702759      -0.0100869      -1.01104938e-01  4.66538837e-02  2.41633223e-02 
# set: 0043 config: 0031  energy: 1.284010e-01 eV/at
     -0.0138226       0.1552808      -0.0160093      -4.66132642e-03 -6.78417508e-02 -2.63159588e-02 
      0.2037602      -0.1405059      -0.0123245      -1.34976498e-01  1.07640829e-01 -4.20198308e-02 
     -0.0739342       0.0421658      -0.1557060       1.72945424e-02 -4.09147356e-02  1.01208588e-01 
      0.0421211      -0.0831385       0.2276501      -3.30629198e-02  4.81758708e-02 -9.86159847e-02 
     -0.1451955      -0.1257627       0.0001505       7.71997639e-02  4.92454408e-02  1.02433599e-02 
     -0.0801753      -0.0660631       0.0695982       1.01021191e-01  9.24258450e-03 -2.51547492e-02 
      0.0172350       0.0419600      -0.0001691      -5.28426548e-02 -2.48601519e-03 -3.64940452e-02 
      0.0354337       0.1445055      -0.1205007       3.00279026e-02 -1.03062224e-01  1.17148622e-01 
# set: 0044 config: 0032  energy: 1.355438e-01 eV/at
      0.0260313      -0.0338380      -0.1948810      -6.33496649e-02 -2.79920828e-02  9.71844864e-02 
     -0.0202441      -0.1959870       0.0769995      -2.83519641e-02  1.33924919e-01 -3.00683354e-02 
     -0.0472840       0.0905657      -0.0964027      -9.22783635e-03 -3.09227674e-02  2.92184590e-02 
     -0.1067767      -0.3542420      -0.0008327       2.24106985e-02  1.69770920e-01  1.89902152e-02 
     -0.2050228       0.1199897       0.0159783       3.05096051e-02 -9.95303820e-02 -1.43253296e-02 
     -0.0002919       0.0618770       0.0405171       1.06274751e-02 -4.38099036e-02 -3.21565529e-02 
     -0.0578333       0.1126278       0.0058085      -5.43815789e-03 -9.47386987e-02 -1.45595244e-02 
     -0.1242469      -0.0325281       0.0441328       4.28198450e-02 -6.70200362e-03 -5.42834187e-02 
# set: 0045 config: 0033  energy: 1.589633e-01 eV/at
      0.0092054      -0.0486478      -0.2033699       1.03508608e-02  2.12235988e-02  8.98024494e-02 
      0.0524756      -0.2137921      -0.0903179      -6.16270061e-02  6.70677574e-02  2.80145343e-02 
     -0.0685854       0.2067197       0.1158267       1.03503525e-01 -1.88472342e-01 -1.36919371e-01 
      0.0328065      -0.0112768       0.0031296      -4.85173545e-02  2.69385390e-02 -1.06431295e-02 
     -0.0737189       0.0803373       0.0604399       2.48909025e-02 -5.35170221e-02 -3.95053874e-02 
     -0.1601357       0.0126996      -0.0245084       8.75379963e-02 -2.46223785e-02 -3.12615974e-02 
     -0.1179445      -0.0862191       0.1128285       2.54298490e-02  4.07753702e-02 -7.58266029e-02 
      0.1180138      -0.0759885      -0.1984252      -1.41568773e-01  1.10606477e-01  1.76339104e-01 
# set: 0046 config: 0034  energy: 1.373173e-01 eV/at
     -0.0604397       0.0347724      -0.1841333      -4.01699122e-02 -2.49432878e-02  6.17010851e-02 
      0.0883910      -0.0143329       0.2106198      -3.25304153e-02  3.05110605e-03 -1.23368105e-01 
      0.1520209      -0.0063692       0.0432437      -6.45870473e-02  1.50675584e-02 -6.44523266e-02 
     -0.1182063      -0.0378535       0.0611873      -5.80017212e-02  7.76417761e-02 -6.80369152e-02 
     -0.1156720      -0.2040733      -0.0802524       4.20407553e-02  7.06519898e-02  2.97064250e-02 
     -0.1793208       0.2048587      -0.2347665       1.39118945e-01 -1.30766649e-01  1.45134738e-01 
     -0.1138523       0.1214646      -0.0511123       7.47900934e-03 -1.14644644e-02  5.23375086e-02 
      0.0158390      -0.0960448       0.0174623       6.65038726e-03  7.61970924e-04 -3.30224103e-02 
# set: 0047 config: 0034  energy: 1.373173e-01 eV/at
     -0.0604397       0.0347724      -0.1841333      -4.01699122e-02 -2.49432878e-02  6.17010851e-02 
      0.0883910      -0.0143329       0.2106198      -3.25304153e-02  3.05110605e-03 -1.23368105e-01 
      0.1520209      -0.0063692       0.0432437      -6.45870473e-02  1.50675584e-02 -6.44523266e-02 
     -0.1182063      -0.0378535       0.0611873      -5.80017212e-02  7.76417761e-02 -6.80369152e-02 
     -0.1156720      -0.2040733      -0.0802524       4.20407553e-02  7.06519898e-02  2.97064250e-02 
     -0.1793208       0.2048587      -0.2347665       1.39118945e-01 -1.30766649e-01  1.45134738e-01 
     -0.1138523       0.1214646      -0.0511123       7.47900934e-03 -1.14644644e-02  5.23375086e-02 
      0.0158390      -0.0960448       0.0174623       6.65038726e-03  7.61970924e-04 -3.30224103e-02 
# set: 0048 config: 0035  energy: 1.884821e-01 eV/at
      0.0114974      -0.0570116       0.2591060      -3.20130157e-02  4.15617578e-02 -2.14682582e-01 
     -0.1067869       0.0686473      -0.1576742       4.56802640e-03 -1.22675065e-02  4.10654429e-02 
     -0.0504533       0.1157122       0.1271507       2.03319396e-02 -4.53809509e-02 -7.90527443e-02 
     -0.0664870       0.0558590      -0.0306141      -1.20558199e-02 -4.05613846e-02  3.45291681e-03 
     -0.1955076       0.1056029       0.1143399       8.51766323e-02 -6.10507340e-02 -6.19110623e-02 
     -0.0074127      -0.2123206      -0.1956073      -6.27444520e-02  1.71672052e-01  1.28918695e-01 
     -0.0229983       0.1845213      -0.1374126       6.01361418e-02 -1.52266900e-01  1.45268615e-01 
     -0.0394141      -0.0254564      -0.1106647      -6.33994525e-02  9.82936659e-02  3.69407192e-02 
# set: 0049 config: 0035  energy: 1.884821e-01 eV/at
      0.0114974      -0.0570116       0.2591060      -3.20130157e-02  4.15617578e-02 -2.14682582e-01 
     -0.1067869       0.0686473      -0.1576742       4.56802640e-03 -1.22675065e-02  4.10654429e-02 
     -0.0504533       0.1157122       0.1271507       2.03319396e-02 -4.53809509e-02 -7.90527443e-02 
     -0.0664870       0.0558590      -0.0306141      -1.20558199e-02 -4.05613846e-02  3.45291681e-03 
     -0.1955076       0.1056029       0.1143399       8.51766323e-02 -6.10507340e-02 -6.19110623e-02 
     -0.0074127      -0.2123206      -0.1956073      -6.27444520e-02  1.71672052e-01  1.28918695e-01 
     -0.0229983       0.1845213      -0.1374126       6.01361418e-02 -1.52266900e-01  1.45268615e-01 
     -0.0394141      -0.0254564      -0.1106647      -6.33994525e-02  9.82936659e-02  3.69407192e-02 
# set: 0050 config: 0036  energy: 1.835462e-01 eV/at
     -0.1677640       0.0509816       0.0137206       5.64705618e-02 -3.04005084e-02  1.88960673e-02 
      0.2569422       0.1011247      -0.0976164      -1.76733389e-01 -6.79426378e-02  9.67641501e-02 
     -0.0503534      -0.0375043       0.0975997       2.17402521e-02  4.26354622e-03 -3.30100067e-02 
     -0.1925249      -0.0702254       0.0966482       6.86714028e-02 -4.60418714e-02 -7.62142011e-02 
     -0.1792813       0.0329466       0.3184247       1.59447274e-02 -5.05829218e-03 -1.25710049e-01 
      0.0877152       0.1524380      -0.0758337      -5.03618409e-02 -4.86910819e-02  9.12348590e-02 
      0.0549308      -0.2187644      -0.0112444       9.25023491e-04  1.96923000e-01  1.76892593e-02 
     -0.2179143      -0.0912019      -0.0804367       6.33432622e-02 -3.05215502e-03  1.03499212e-02 
# set: 0051 config: 0037  energy: 1.870001e-01 eV/at
      0.0219528       0.1121742      -0.0854680       6.87120841e-03 -3.87131462e-02  2.54410504e-02 
     -0.1716825      -0.1763036      -0.0830170       9.74584501e-02  1.30783135e-01  5.67657993e-02 
      0.1618005       0.1338612       0.0014700      -9.93333176e-02 -9.38493389e-02  2.51419625e-02 
      0.0369159       0.1820927      -0.1760606      -6.26230648e-02 -7.46312040e-02  9.02287365e-02 
      0.0904216      -0.0930430      -0.0076086      -3.00189329e-02  9.78206627e-02  8.23140383e-04 
      0.0958429      -0.0650227       0.1746417      -9.47182658e-02 -2.67127760e-02 -2.13295284e-01 
     -0.1783347      -0.0729956       0.0722936       9.95786624e-02  6.33090586e-02 -7.62330700e-02 
     -0.0488343       0.1368066      -0.1826529       8.27852597e-02 -5.80063920e-02  9.11276653e-02 
# set: 0052 config: 0038  energy: 1.281198e-01 eV/at
      0.1384586      -0.0900526      -0.0733045      -1.09150882e-01  3.15596990e-02  1.93248249e-02 
     -0.0575877      -0.0382473      -0.0982072       4.58661896e-02  4.28269598e-02  2.27064528e-02 
     -0.0121866       0.0114106       0.0498732       9.35873035e-03  5.85287436e-02 -1.85073147e-02 
     -0.1104887       0.0815793       0.0432391       6.03502293e-02 -2.33106179e-02 -3.83172162e-02 
      0.0866351       0.1222697      -0.1764488      -4.89399568e-02 -9.56866769e-02  5.26986532e-02 
      0.1085104      -0.0182364      -0.0327862      -8.08512881e-02  2.75985790e-02 -1.92590550e-02 
      0.1044826       0.2699159      -0.0910876       7.15891836e-03 -1.42961577e-01  5.87044685e-02 
     -0.2003223      -0.0373867       0.1055169       1.16208060e-01  1.01444890e-01 -7.73508131e-02 
# set: 0053 config: 0039  energy: 1.171754e-01 eV/at
     -0.0227098       0.0670116       0.2252483       3.81231283e-02 -1.37423441e-02 -7.35667707e-02 
      0.2312688       0.1635155      -0.0280322      -8.55234795e-02 -6.84490469e-02  6.33913968e-02 
     -0.1028420      -0.0854718      -0.0125883       9.38829828e-02  5.85044618e-02  6.12443832e-02 
     -0.0236302      -0.1510441       0.2369177       4.97724799e-02  5.44101939e-02 -1.06157329e-01 
      0.1752218       0.1049630      -0.0346570      -3.74653854e-02 -1.59946094e-02  6.01209367e-02 
      0.0138792       0.0703325       0.1358889       2.79684109e-02 -3.37631507e-02  6.64344900e-03 
      0.1628147      -0.0683188       0.0558935      -5.11414202e-02  5.64052265e-02 -6.42484876e-02 
      0.0980573       0.0699376      -0.0068926      -3.56167164e-02 -3.73707311e-02  5.25724214e-02 
# set: 0054 config: 0040  energy: 1.141839e-01 eV/at
      0.1534848       0.0514421       0.1270159      -6.50507506e-02  1.04817058e-02 -2.90996478e-02 
     -0.0025433      -0.0939601      -0.0142811      -1.58470782e-02  3.72984835e-02  1.65172228e-02 
     -0.1745050       0.0006998       0.1268457       7.38154453e-02 -2.61464363e-02 -9.57346190e-04 
      0.0379653      -0.0543447      -0.1670745       3.89446242e-02  6.23327264e-02  1.63175353e-01 
      0.1065248      -0.0810482       0.2130268       1.53505529e-02  6.40189278e-02 -8.86181233e-02 
     -0.1525078      -0.1045149       0.0910820       5.13816669e-02  9.72239290e-03 -8.62080125e-03 
     -0.0434547       0.0405019       0.0475159       1.85754967e-02 -3.62802891e-02  1.71820417e-02 
      0.1326039       0.2021492       0.0825672      -1.17169957e-01 -1.21427511e-01 -6.95786988e-02 
# set: 0055 config: 0041  energy: 1.188754e-01 eV/at
      0.1244406       0.0026690       0.1466363      -4.81766358e-02 -1.17321546e-02 -5.14938117e-02 
      0.0102963      -0.0255253      -0.0459219      -5.20496404e-02  1.95693494e-02 -2.21086943e-02 
     -0.1762968      -0.1565924       0.2020336       6.74971505e-02  3.85019524e-02 -4.24067165e-02 
     -0.0496852      -0.1399332       0.0546767       2.30613576e-02  3.48678052e-02 -3.98989103e-02 
      0.0557623      -0.1803036       0.0621574      -2.55386801e-02  9.85201966e-02  1.23787074e-02 
     -0.0223945       0.0392188      -0.0614792      -1.02544769e-03 -1.10169986e-01  6.37078209e-02 
      0.0890745      -0.1548922       0.0055156      -2.21126144e-02  9.08022039e-02  2.20371736e-02 
     -0.1397071       0.2018076      -0.0731231       5.83445102e-02 -1.60359367e-01  5.77844312e-02 
# set: 0056 config: 0042  energy: 1.227649e-01 eV/at
     -0.1080411      -0.0244794      -0.0712140      -1.86380598e-02 -2.28647518e-02  3.09557501e-02 
     -0.1828896       0.0381972      -0.0957781       9.24746800e-03 -3.18843091e-02  5.09215761e-02 
     -0.1630846       0.0671094      -0.1012266      -5.99779234e-03 -3.64615265e-02  5.77534165e-02 
      0.0738393      -0.1371825       0.0494522      -1.33803382e-01  7.59835962e-02 -7.50187898e-02 
     -0.2700243      -0.0709029      -0.0964168       8.22124702e-02  5.04097032e-02  4.72119290e-02 
     -0.2923754       0.0786616       0.0577330       1.54209721e-01 -9.10217178e-02 -2.62300027e-02 
     -0.0115303      -0.1147444       0.1529054      -6.01549567e-02  4.36466915e-02 -1.19504663e-01 
     -0.1472001      -0.0469825      -0.0427680      -2.70754682e-02  1.21923138e-02  3.39107838e-02 
# set: 0057 config: 0043  energy: 1.350982e-01 eV/at
     -0.0083361      -0.0700861       0.0280819      -4.20288612e-02  8.63882530e-02 -5.37998571e-02 
     -0.0149932      -0.0416173       0.0764356       1.35672523e-02  6.10270916e-02 -4.31858470e-02 
     -0.0554790      -0.1495236       0.0720232      -3.34011995e-02  1.52616810e-01 -7.80516184e-02 
     -0.0204433       0.1665645      -0.1219876       2.78603312e-02 -3.79259538e-02  7.25731553e-02 
     -0.1697473       0.0250086      -0.1689654       1.21963792e-01 -1.48189663e-02  6.83786755e-02 
      0.1173178       0.1378563       0.0109376      -5.39568566e-02 -6.66191955e-02 -1.38004433e-02 
      0.0358539       0.1763996      -0.1711062      -1.03844126e-02 -6.44398412e-02  8.39809157e-02 
      0.0123264       0.2165286       0.0925120      -2.36200450e-02 -1.16228198e-01 -3.60949811e-02 
# set: 0058 config: 0044  energy: 1.975541e-01 eV/at
     -0.1963595       0.0993489       0.0709152       6.88380417e-02 -4.99550995e-02 -6.67629147e-02 
      0.1102476      -0.2308901       0.0437684      -5.84375676e-02  1.67527006e-01 -1.65139009e-02 
     -0.0300467       0.0421959      -0.3433327      -4.68944276e-03 -2.80161176e-02  9.61328994e-02 
      0.0716462       0.0050864      -0.0169905      -4.04322544e-02  6.32419656e-03 -2.39586005e-02 
     -0.1937824       0.1146777      -0.1722182       7.13968972e-02 -3.17978532e-02  9.02280461e-02 
      0.0772767       0.1066077       0.1741911      -3.25068492e-02 -1.73566838e-02 -1.60282821e-01 
     -0.0628208      -0.0523147       0.0538765      -2.47073623e-02 -7.25989213e-03 -1.18111133e-01 
      0.0714876      -0.0502746      -0.2900593       2.05385369e-02 -3.94655562e-02  1.99268424e-01 
# set: 0059 config: 0045  energy: 2.196817e-01 eV/at
     -0.0885347       0.0069244      -0.2056350       2.66568553e-02 -1.72690763e-02  7.47064196e-02 
      0.0190664       0.3979800      -0.0376520       3.53783405e-02 -1.75917526e-01 -2.41984562e-02 
     -0.1126773       0.1105342       0.1385726       1.14921305e-01 -8.64855727e-02 -1.04627267e-01 
      0.0808044      -0.0743116       0.1740952      -4.86228089e-02 -2.77943864e-03 -9.54672781e-02 
     -0.0576535      -0.2840273       0.0209771       1.05731728e-03  1.64901250e-01  1.33451485e-02 
      0.0439441       0.1217588      -0.0559550       7.05606870e-02 -9.50052170e-02  8.40205360e-02 
      0.2142395      -0.0848741      -0.0124861      -9.24907218e-02  1.26277532e-01  1.37161981e-02 
      0.0997633      -0.1160938       0.0130150      -1.07460975e-01  8.62780481e-02  3.85046999e-02 
# set: 0060 config: 0046  energy: 2.152667e-01 eV/at
      0.0471501       0.0209854      -0.1429919       3.31963240e-03  2.19899091e-02  5.42601633e-02 
      0.1276814      -0.0480798      -0.1003281      -2.55139580e-02  3.54900657e-02  5.81109463e-02 
     -0.1067925      -0.2910016      -0.1218375       1.77352647e-01  1.78706895e-01  1.50521651e-01 
     -0.1892551      -0.0333684      -0.0559797       1.07889900e-01  4.12331378e-02  9.16580862e-02 
      0.0201527      -0.0882142       0.2968329      -2.50856073e-02 -9.47612548e-03 -1.67272271e-01 
      0.2044435       0.0681167      -0.0885173      -9.71786088e-02 -4.25830276e-02  3.01816517e-02 
      0.0206250       0.2132404       0.0277993      -9.50035410e-02 -1.51059723e-01 -8.49942876e-02 
      0.1095874       0.0536054       0.0532556      -4.57804649e-02 -7.43011313e-02 -1.32465941e-01 
# set: 0061 config: 0046  energy: 2.152667e-01 eV/at
      0.0471501       0.0209854      -0.1429919       3.31963240e-03  2.19899091e-02  5.42601633e-02 
      0.1276814      -0.0480798      -0.1003281      -2.55139580e-02  3.54900657e-02  5.81109463e-02 
     -0.1067925      -0.2910016      -0.1218375       1.77352647e-01  1.78706895e-01  1.50521651e-01 
     -0.1892551      -0.0333684      -0.0559797       1.07889900e-01  4.12331378e-02  9.16580862e-02 
      0.0201527      -0.0882142       0.2968329      -2.50856073e-02 -9.47612548e-03 -1.67272271e-01 
      0.2044435       0.0681167      -0.0885173      -9.71786088e-02 -4.25830276e-02  3.01816517e-02 
      0.0206250       0.2132404       0.0277993      -9.50035410e-02 -1.51059723e-01 -8.49942876e-02 
      0.1095874       0.0536054       0.0532556      -4.57804649e-02 -7.43011313e-02 -1.32465941e-01 
# set: 0062 config: 0047  energy: 1.636651e-01 eV/at
      0.0834905       0.0143554      -0.0616133      -1.60710319e-02 -9.73200162e-03  9.34177366e-02 
     -0.1008929       0.2512364       0.0062269       1.17013594e-01 -1.49780993e-01 -6.64256766e-02 
      0.1107740       0.0633438       0.0501945      -5.51709972e-02 -3.02110391e-02  3.29402005e-02 
     -0.0214531      -0.0703674      -0.0892934       9.90548923e-02  7.77168808e-02  8.72366479e-02 
      0.2824476       0.0944227      -0.1072593      -1.50330693e-01  2.31870391e-02  8.80433346e-02 
     -0.0237843      -0.0711926       0.1413864       4.01011923e-02  7.62518133e-02 -6.82754887e-02 
      0.1314564      -0.0201537       0.0103624      -1.24768053e-02  1.22415413e-02 -3.59690713e-04 
      0.0561094       0.0109364       0.3068313      -2.21201504e-02  3.26759326e-04 -1.66577064e-01 
# set: 0063 config: 0048  energy: 1.799451e-01 eV/at
     -0.1397840      -0.1225547      -0.2920804       9.21962739e-02  1.20652435e-01  1.54822018e-01 
     -0.0786406      -0.1402500      -0.0648067       2.62896370e-02  4.94734402e-02 -2.40639556e-02 
     -0.0025774       0.0353312       0.0913621       1.28709100e-03 -6.96975591e-02 -6.13061613e-02 
     -0.0835516       0.1608690      -0.3154733      -3.70393698e-02 -9.48918691e-02  1.33668584e-01 
      0.0639940      -0.0595712       0.1122316      -5.03987970e-02 -6.67629649e-02 -1.67850549e-01 
     -0.1272860      -0.1368913       0.0784114       2.96290800e-02  7.36619182e-02 -9.00125915e-02 
     -0.0070292       0.1870887      -0.1565769      -1.86725753e-02 -9.18436715e-02  2.57263501e-02 
     -0.0068517      -0.1029305      -0.1390494      -4.32913398e-02  7.94082710e-02  2.90163046e-02 
# set: 0064 config: 0048  energy: 1.799451e-01 eV/at
     -0.1397840      -0.1225547      -0.2920804       9.21962739e-02  1.20652435e-01  1.54822018e-01 
     -0.0786406      -0.1402500      -0.0648067       2.62896370e-02  4.94734402e-02 -2.40639556e-02 
     -0.0025774       0.0353312       0.0913621       1.28709100e-03 -6.96975591e-02 -6.13061613e-02 
     -0.0835516       0.1608690      -0.3154733      -3.70393698e-02 -9.48918691e-02  1.33668584e-01 
      0.0639940      -0.0595712       0.1122316      -5.03987970e-02 -6.67629649e-02 -1.67850549e-01 
     -0.1272860      -0.1368913       0.0784114       2.96290800e-02  7.36619182e-02 -9.00125915e-02 
     -0.0070292       0.1870887      -0.1565769      -1.86725753e-02 -9.18436715e-02  2.57263501e-02 
     -0.0068517      -0.1029305      -0.1390494      -4.32913398e-02  7.94082710e-02  2.90163046e-02 
# set: 0065 config: 0048  energy: 1.799451e-01 eV/at
     -0.1397840      -0.1225547      -0.2920804       9.21962739e-02  1.20652435e-01  1.54822018e-01 
     -0.0786406      -0.1402500      -0.0648067       2.62896370e-02  4.94734402e-02 -2.40639556e-02 
     -0.0025774       0.0353312       0.0913621       1.28709100e-03 -6.96975591e-02 -6.13061613e-02 
     -0.0835516       0.1608690      -0.3154733      -3.70393698e-02 -9.48918691e-02  1.33668584e-01 
      0.0639940      -0.0595712       0.1122316      -5.03987970e-02 -6.67629649e-02 -1.67850549e-01 
     -0.1272860      -0.1368913       0.0784114       2.96290800e-02  7.36619182e-02 -9.00125915e-02 
     -0.0070292       0.1870887      -0.1565769      -1.86725753e-02 -9.18436715e-02  2.57263501e-02 
     -0.0068517      -0.1029305      -0.1390494      -4.32913398e-02  7.94082710e-02  2.90163046e-02 
# set: 0066 config: 0049  energy: 3.121844e-01 eV/at
      0.2546538       0.1013867       0.1517605      -1.48338564e-01  5.71569010e-04 -8.44017331e-02 
      0.2463493      -0.0924763      -0.2995787      -6.77745804e-02  3.81336203e-02  1.20457882e-01 
      0.1117913       0.2374313       0.1032646      -1.06978177e-02 -6.01350882e-02 -4.64172445e-02 
     -0.0533211      -0.1028495      -0.3615161       2.04568038e-01  2.38191490e-01  2.14363783e-01 
      0.0969417       0.0697067      -0.0612371       1.34594811e-02 -7.06942837e-03 -4.58668644e-02 
      0.0529339       0.1439556      -0.1513625      -2.75137948e-02 -3.17274161e-02  5.30443239e-02 
     -0.0993465       0.1030653      -0.0732511       1.59957895e-01 -4.03585090e-02  7.77246277e-02 
      0.0941715       0.0765080       0.3208591      -1.23660657e-01 -1.37606238e-01 -2.88904775e-01 
# set: 0067 config: 0049  energy: 3.121844e-01 eV/at
      0.2546538       0.1013867       0.1517605      -1.48338564e-01  5.71569010e-04 -8.44017331e-02 
      0.2463493      -0.0924763      -0.2995787      -6.77745804e-02  3.81336203e-02  1.20457882e-01 
      0.1117913       0.2374313       0.1032646      -1.06978177e-02 -6.01350882e-02 -4.64172445e-02 
     -0.0533211      -0.1028495      -0.3615161       2.04568038e-01  2.38191490e-01  2.14363783e-01 
      0.0969417       0.0697067      -0.0612371       1.34594811e-02 -7.06942837e-03 -4.58668644e-02 
      0.0529339       0.1439556      -0.1513625      -2.75137948e-02 -3.17274161e-02  5.30443239e-02 
     -0.0993465       0.1030653      -0.0732511       1.59957895e-01 -4.03585090e-02  7.77246277e-02 
      0.0941715       0.0765080       0.3208591      -1.23660657e-01 -1.37606238e-01 -2.88904775e-01 
# set: 0068 config: 0049  energy: 3.121844e-01 eV/at
      0.2546538       0.1013867       0.1517605      -1.48338564e-01  5.71569010e-04 -8.44017331e-02 
      0.2463493      -0.0924763      -0.2995787      -6.77745804e-02  3.81336203e-02  1.20457882e-01 
      0.1117913       0.2374313       0.1032646      -1.06978177e-02 -6.01350882e-02 -4.64172445e-02 
     -0.0533211      -0.1028495      -0.3615161       2.04568038e-01  2.38191490e-01  2.14363783e-01 
      0.0969417       0.0697067      -0.0612371       1.34594811e-02 -7.06942837e-03 -4.58668644e-02 
      0.0529339       0.1439556      -0.1513625      -2.75137948e-02 -3.17274161e-02  5.30443239e-02 
     -0.0993465       0.1030653      -0.0732511       1.59957895e-01 -4.03585090e-02  7.77246277e-02 
      0.0941715       0.0765080       0.3208591      -1.23660657e-01 -1.37606238e-01 -2.88904775e-01 
# set: 0069 config: 0049  energy: 3.121844e-01 eV/at
      0.2546538       0.1013867       0.1517605      -1.48338564e-01  5.71569010e-04 -8.44017331e-02 
      0.2463493      -0.0924763      -0.2995787      -6.77745804e-02  3.81336203e-02  1.20457882e-01 
      0.1117913       0.2374313       0.1032646      -1.06978177e-02 -6.01350882e-02 -4.64172445e-02 
     -0.0533211      -0.1028495      -0.3615161       2.04568038e-01  2.38191490e-01  2.14363783e-01 
      0.0969417       0.0697067      -0.0612371       1.34594811e-02 -7.06942837e-03 -4.58668644e-02 
      0.0529339       0.1439556      -0.1513625      -2.75137948e-02 -3.17274161e-02  5.30443239e-02 
     -0.0993465       0.1030653      -0.0732511       1.59957895e-01 -4.03585090e-02  7.77246277e-02 
      0.0941715       0.0765080       0.3208591      -1.23660657e-01 -1.37606238e-01 -2.88904775e-01 
# set: 0070 config: 0049  energy: 3.121844e-01 eV/at
      0.2546538       0.1013867       0.1517605      -1.48338564e-01  5.71569010e-04 -8.44017331e-02 
      0.2463493      -0.0924763      -0.2995787      -6.77745804e-02  3.81336203e-02  1.20457882e-01 
      0.1117913       0.2374313       0.1032646      -1.06978177e-02 -6.01350882e-02 -4.64172445e-02 
     -0.0533211      -0.1028495      -0.3615161       2.04568038e-01  2.38191490e-01  2.14363783e-01 
      0.0969417       0.0697067      -0.0612371       1.34594811e-02 -7.06942837e-03 -4.58668644e-02 
      0.0529339       0.1439556      -0.1513625      -2.75137948e-02 -3.17274161e-02  5.30443239e-02 
     -0.0993465       0.1030653      -0.0732511       1.59957895e-01 -4.03585090e-02  7.77246277e-02 
      0.0941715       0.0765080       0.3208591      -1.23660657e-01 -1.37606238e-01 -2.88904775e-01 
# set: 0071 config: 0050  energy: 1.593066e-01 eV/at
     -0.0485622       0.1875316       0.0209795       2.28432011e-02 -8.91288309e-02  3.87472094e-02 
     -0.1564323      -0.1187634      -0.1154966       9.70298586e-02  1.12507965e-01  9.81823498e-02 
      0.1412899      -0.0023288      -0.1399064      -7.74046620e-02 -2.32189126e-02  7.72334782e-02 
      0.0601869      -0.1014110       0.1224442      -4.30443120e-02  4.62171032e-02 -1.25607121e-01 
      0.0588546       0.1529337       0.1377038      -3.38481200e-02 -4.87930160e-02 -6.46067221e-02 
     -0.0432754       0.1291558       0.0271427      -1.54993769e-04 -1.04566993e-01 -1.30432458e-02 
      0.1618288      -0.1898085      -0.0410829      -7.41574518e-02  9.17137907e-02  4.74814720e-02 
     -0.2223038      -0.0181767       0.0197302       1.08736479e-01  1.52688926e-02 -5.83874214e-02 
# set: 0072 config: 0051  energy: 1.423560e-01 eV/at
      0.1087245      -0.0817232      -0.0484258      -4.22296952e-02 -2.95329497e-02  4.67843538e-02 
     -0.3499990      -0.2593355      -0.0516566       1.84676984e-01  1.11918492e-01  6.98401267e-02 
      0.0695935       0.0509074       0.1229749       1.46615829e-02 -4.94426017e-02 -6.84882277e-02 
     -0.1370641       0.0149408      -0.0331783       4.27549961e-02 -4.51621401e-02 -2.37715271e-02 
      0.0521368      -0.1132931      -0.0073000      -3.53667836e-02  1.71600395e-02  1.74611331e-02 
      0.0464229       0.0608760      -0.0989403      -9.42653101e-02 -1.01358514e-01 -7.12977425e-02 
      0.2019172      -0.0064811       0.0457919      -8.61117546e-02 -3.64279210e-03  1.13788802e-02 
     -0.1170401      -0.2302533      -0.0970028       1.58799808e-02  1.00060467e-01  1.80930031e-02 
# set: 0073 config: 0051  energy: 1.423560e-01 eV/at
      0.1087245      -0.0817232      -0.0484258      -4.22296952e-02 -2.95329497e-02  4.67843538e-02 
     -0.3499990      -0.2593355      -0.0516566       1.84676984e-01  1.11918492e-01  6.98401267e-02 
      0.0695935       0.0509074       0.1229749       1.46615829e-02 -4.94426017e-02 -6.84882277e-02 
     -0.1370641       0.0149408      -0.0331783       4.27549961e-02 -4.51621401e-02 -2.37715271e-02 
      0.0521368      -0.1132931      -0.0073000      -3.53667836e-02  1.71600395e-02  1.74611331e-02 
      0.0464229       0.0608760      -0.0989403      -9.42653101e-02 -1.01358514e-01 -7.12977425e-02 
      0.2019172      -0.0064811       0.0457919      -8.61117546e-02 -3.64279210e-03  1.13788802e-02 
     -0.1170401      -0.2302533      -0.0970028       1.58799808e-02  1.00060467e-01  1.80930031e-02 
# set: 0074 config: 0052  energy: 1.540158e-01 eV/at
     -0.0142635       0.1997996      -0.0296751       5.48016982e-03 -8.45576544e-02  2.88796484e-02 
     -0.0480560      -0.0138713      -0.0148162       5.30400261e-02  3.61751832e-02 -4.14048661e-03 
      0.0038114      -0.0062724       0.0115269      -2.53721240e-02  4.09074574e-02 -2.69078724e-02 
      0.3332965      -0.0180304      -0.3516284      -1.51356505e-01 -3.63664684e-02  1.81908331e-01 
     -0.1254516       0.0057105      -0.0846624       1.63504202e-01  1.09907834e-01 -5.90181918e-02 
     -0.0338106       0.1156554      -0.0107391       3.64600396e-02 -4.99260972e-02  3.48519089e-03 
      0.1167293       0.0050484      -0.0349824      -5.43032157e-02  1.28171094e-02 -1.96547976e-02 
      0.0344238       0.0927892       0.1556258      -2.74525930e-02 -2.89573637e-02 -1.04551821e-01 
# set: 0075 config: 0053  energy: 1.100284e-01 eV/at
     -0.1964751      -0.0490481       0.0880571       6.51086273e-02 -1.08783336e-03 -6.01809922e-02 
      0.0012833       0.1645215      -0.0613845      -3.73373232e-02 -7.65078369e-02 -3.05921969e-03 
     -0.0329758       0.1970726       0.0489503      -3.82070743e-02 -1.01912308e-01  8.79220392e-03 
     -0.1500369       0.1353277      -0.0188554       4.30921992e-02 -9.58297614e-02 -3.84606682e-02 
      0.0067025      -0.0212961       0.0047308      -5.19904712e-02  6.56346816e-03 -2.62808404e-02 
     -0.1703416      -0.2251561      -0.0767740       1.18403992e-02  1.68326221e-01  2.29868919e-02 
     -0.0198710      -0.0127887      -0.1117445      -1.77999437e-02  4.39266997e-02  7.18108219e-02 
     -0.2158752      -0.0308915      -0.0620726       2.52935869e-02  5.65213513e-02  2.43918032e-02 
# set: 0076 config: 0053  energy: 1.100284e-01 eV/at
     -0.1964751      -0.0490481       0.0880571       6.51086273e-02 -1.08783336e-03 -6.01809922e-02 
      0.0012833       0.1645215      -0.0613845      -3.73373232e-02 -7.65078369e-02 -3.05921969e-03 
     -0.0329758       0.1970726       0.0489503      -3.82070743e-02 -1.01912308e-01  8.79220392e-03 
     -0.1500369       0.1353277      -0.0188554       4.30921992e-02 -9.58297614e-02 -3.84606682e-02 
      0.0067025      -0.0212961       0.0047308      -5.19904712e-02  6.56346816e-03 -2.62808404e-02 
     -0.1703416      -0.2251561      -0.0767740       1.18403992e-02  1.68326221e-01  2.29868919e-02 
     -0.0198710      -0.0127887      -0.1117445      -1.77999437e-02  4.39266997e-02  7.18108219e-02 
     -0.2158752      -0.0308915      -0.0620726       2.52935869e-02  5.65213513e-02  2.43918032e-02 
# set: 0077 config: 0054  energy: 1.749185e-01 eV/at
      0.1388201       0.0080679      -0.0759523      -8.16574381e-02 -9.25735947e-03  1.63788048e-04 
     -0.1032844      -0.0672171       0.0931529      -4.06198101e-03  5.38906010e-02 -1.02842624e-01 
      0.0397594       0.3687231       0.0237597      -3.75252114e-02 -2.28569022e-01 -2.66908679e-03 
      0.1018716      -0.0555530      -0.0858621      -9.34712059e-02  1.65290038e-02  1.82251398e-02 
     -0.0923990      -0.0895808      -0.0091115       5.54991614e-02  8.16538249e-02 -8.10704088e-03 
     -0.2076037      -0.0648205      -0.0179863       1.61868521e-01  6.19144854e-02 -7.60183843e-02 
     -0.0261246       0.0040400      -0.1157087       1.23813533e-02 -1.18555160e-02  3.89392534e-02 
     -0.0764863      -0.0138100      -0.2462861      -1.30331999e-02  3.56939824e-02  1.32308954e-01 
# set: 0078 config: 0055  energy: 1.472914e-01 eV/at
      0.0595988      -0.0778197      -0.0740513      -2.08278481e-03  9.98449983e-02  4.91635191e-02 
     -0.3064397      -0.0238846       0.1458594       1.43426177e-01 -3.49703278e-02 -6.85016503e-02 
      0.1041200      -0.1170357       0.1681462      -3.63850087e-02  6.12584125e-03 -1.05297420e-01 
     -0.0464269       0.1175275       0.0325356       1.20602557e-02 -6.67044717e-02 -1.40028346e-02 
      0.1642386       0.0828375       0.0833045      -1.08788568e-01 -6.20781443e-02  1.23835022e-02 
     -0.0814441      -0.0014781       0.1000251      -1.14673830e-02 -8.33819067e-04 -4.36049865e-02 
     -0.1639880      -0.0148259      -0.1250071       5.29886450e-02 -3.96014224e-02  9.87801391e-02 
      0.1130459      -0.1570622      -0.1389984      -4.97513333e-02  9.82173453e-02  7.10797315e-02 
# set: 0079 config: 0055  energy: 1.472914e-01 eV/at
      0.0595988      -0.0778197      -0.0740513      -2.08278481e-03  9.98449983e-02  4.91635191e-02 
     -0.3064397      -0.0238846       0.1458594       1.43426177e-01 -3.49703278e-02 -6.85016503e-02 
      0.1041200      -0.1170357       0.1681462      -3.63850087e-02  6.12584125e-03 -1.05297420e-01 
     -0.0464269       0.1175275       0.0325356       1.20602557e-02 -6.67044717e-02 -1.40028346e-02 
      0.1642386       0.0828375       0.0833045      -1.08788568e-01 -6.20781443e-02  1.23835022e-02 
     -0.0814441      -0.0014781       0.1000251      -1.14673830e-02 -8.33819067e-04 -4.36049865e-02 
     -0.1639880      -0.0148259      -0.1250071       5.29886450e-02 -3.96014224e-02  9.87801391e-02 
      0.1130459      -0.1570622      -0.1389984      -4.97513333e-02  9.82173453e-02  7.10797315e-02 
# set: 0080 config: 0056  energy: 2.508559e-01 eV/at
     -0.1425226       0.0836998      -0.0100044       1.12203423e-01 -4.05795826e-02 -3.79707532e-02 
     -0.1312073       0.1684337       0.0507080       1.16731148e-01 -9.89336386e-02 -1.09339902e-01 
     -0.1220741       0.0060291      -0.0454726       5.61381170e-02  2.77730675e-02  1.19741394e-02 
      0.0927857       0.3024863       0.1046621       2.60659055e-02 -1.65958901e-01 -9.34949120e-02 
      0.2233446      -0.1713846       0.0676835      -1.66160143e-01  1.86167891e-01  2.22395365e-02 
      0.2136306       0.1023593      -0.1337358      -1.53610900e-01 -1.25636190e-02  8.86802767e-02 
      0.1182845      -0.1235590      -0.0634171      -7.94297291e-02  1.49252692e-01  8.16534596e-02 
     -0.1701793       0.0986446      -0.1089449       8.80621791e-02 -4.51579089e-02  3.62581542e-02 
# set: 0081 config: 0057  energy: 1.707393e-01 eV/at
     -0.0149682      -0.1004000       0.1951208      -1.92578112e-02  1.92237612e-02 -9.07000077e-02 
      0.0407402       0.1186121       0.2195843       7.92975081e-02 -1.22083793e-01 -1.34582273e-01 
     -0.0162206       0.1987556       0.1032092       8.48843737e-02 -1.32350228e-01 -1.21433322e-01 
      0.1014795      -0.0091436      -0.0008647      -5.12284828e-02 -2.08742639e-03 -3.58909858e-02 
      0.0337555      -0.1165955      -0.1963608      -7.76158017e-02  9.94249459e-02  1.35524641e-01 
     -0.0004477       0.0666595      -0.0803199       2.17038039e-02 -2.36397031e-03  6.91757392e-02 
      0.0082827      -0.0240506      -0.0703561       3.39624142e-02 -1.96037549e-02  6.72431058e-02 
      0.0067059      -0.3157340      -0.0247156      -7.17460042e-02  1.59840466e-01  1.10663101e-01 
# set: 0082 config: 0058  energy: 1.803071e-01 eV/at
     -0.0512254      -0.0204456       0.2498610       1.83359016e-02 -3.99331088e-03 -8.35089164e-02 
     -0.0983868      -0.0992164       0.0041790       1.48917657e-01  1.50797959e-01  1.69538421e-01 
     -0.0653153       0.1730132      -0.0534931       4.92998388e-02 -8.76619649e-02  1.88548612e-02 
     -0.0438087      -0.1926779       0.0732015       2.92566368e-02  7.41897169e-02 -1.99372226e-03 
      0.0244228      -0.0401335       0.1404636      -6.20946703e-02  3.41353831e-02 -2.86870199e-02 
      0.2873506       0.2381943       0.1441643      -2.33612645e-01 -1.94574561e-01 -1.21613162e-01 
     -0.0824959      -0.0902062      -0.0010855       7.08027018e-02  3.02532572e-02  3.94096650e-02 
      0.0297465      -0.1051107       0.0568771      -2.09054202e-02 -3.14647950e-03  7.99987288e-03 
# set: 0083 config: 0059  energy: 1.808357e-01 eV/at
      0.0193708       0.1250261      -0.1549273       1.15670978e-02  2.95476928e-02  5.79497665e-02 
     -0.0797846       0.0044208      -0.0859295       6.53358787e-02  5.64424370e-02  1.17798135e-02 
      0.0627359      -0.0489311       0.1806131      -1.67060554e-02  5.26892794e-02 -6.52688223e-02 
     -0.1709756       0.3777467       0.0108841       1.33862469e-01 -1.65517859e-01 -5.59373717e-02 
      0.0768662      -0.0647804       0.0297530       2.38361795e-02  8.02710376e-02  7.68727401e-03 
     -0.1099921       0.1358234       0.1676887       1.78281460e-02 -7.37532514e-02 -1.03438594e-01 
      0.1488015       0.1034812      -0.0969933      -1.60349129e-01  1.23318128e-01  9.74051850e-02 
      0.1551556       0.3206601      -0.1334261      -7.53745868e-02 -1.02997464e-01  4.98227490e-02 
# set: 0084 config: 0060  energy: 1.500295e-01 eV/at
     -0.1332016       0.0191102       0.0368856       6.78906745e-02 -3.14374958e-02 -4.30128267e-02 
     -0.0568069       0.2753519      -0.2029392      -8.29379747e-02 -1.56023159e-01  1.58205275e-01 
     -0.0107362      -0.0748618      -0.1683941       3.15785361e-03  3.49730095e-02  6.64984730e-02 
     -0.1345058       0.0176841       0.0395813       4.75073391e-02 -5.69009634e-02 -2.99145987e-02 
     -0.1923399       0.0101687       0.1095462       6.19190997e-02  1.94275512e-02 -5.92356930e-02 
      0.0800979       0.0017505      -0.0574295      -4.06173473e-02  2.45788081e-02  3.35974790e-02 
      0.0222992      -0.2181003       0.1012100       9.54928395e-03  1.54465379e-01 -8.78352555e-02 
      0.0725187      -0.0854191       0.0155378      -6.64689289e-02  1.09168700e-02 -3.83028523e-02 
# set: 0085 config: 0061  energy: 1.193709e-01 eV/at
      0.0361744      -0.1033916       0.0194048      -3.11924711e-02  2.96767541e-02 -7.03729423e-02 
     -0.0134844       0.1226792      -0.0161942       5.39202684e-02 -6.16976473e-02 -3.83140724e-02 
     -0.2379971       0.0755494      -0.1202864       9.98704531e-02  3.87896425e-03  3.68071162e-03 
      0.0132698       0.1319988       0.0163620       5.14375094e-02 -7.94545644e-02 -7.21607242e-02 
     -0.0064777      -0.0156579      -0.3082000      -8.49093832e-02  7.34130795e-02  1.13156883e-01 
      0.2820427       0.0617880      -0.0676154      -1.41524519e-01 -1.74184550e-02 -3.36456836e-03 
      0.0406796      -0.0408998      -0.1485718      -3.07303127e-03  3.66170791e-02  4.89154828e-02 
     -0.1173796       0.0014072      -0.0138203       5.54711734e-02  1.49847897e-02  1.84592292e-02 
# set: 0086 config: 0062  energy: 1.993058e-01 eV/at
     -0.2437827      -0.0174370      -0.1157515       9.18662778e-02  5.61758312e-02  8.46719995e-02 
      0.1732647       0.0913170      -0.2098477      -2.72699166e-02  1.45516721e-02  1.82246446e-01 
     -0.1574522       0.0041749       0.0431036       8.58119187e-02 -3.39791397e-02 -3.43463225e-02 
     -0.0204695      -0.1715655       0.1221471      -6.47351145e-03  3.53421891e-02 -3.87884940e-02 
     -0.0924613       0.0103208       0.1993957      -7.04452043e-02 -5.46922245e-02 -1.01130559e-01 
      0.2258277       0.2322088       0.2476855      -1.70823793e-01 -1.45080971e-01 -1.19534272e-01 
     -0.0907150      -0.0017063      -0.0929661       7.96708404e-02  5.61441522e-02 -4.16876501e-02 
     -0.1088398      -0.1644169      -0.1231483       1.76633883e-02  7.15384898e-02  6.85688530e-02 
# set: 0087 config: 0063  energy: 1.241911e-01 eV/at
      0.1932632       0.1383679       0.0469002      -3.24600024e-02 -5.89892828e-02 -4.03825859e-02 
      0.0336728      -0.0363438       0.0739260      -2.87395051e-02  1.52801500e-02  3.56352964e-03 
     -0.1618720      -0.1349240      -0.0687055       1.06969277e-01  3.63641181e-02  2.14861149e-02 
     -0.0389893       0.1665218       0.0503315       6.24878361e-02 -9.26874019e-02 -2.24350335e-02 
      0.0228039      -0.0179375       0.0256349      -1.80635562e-02  5.25701535e-02  2.93927885e-02 
      0.2756218      -0.0734856       0.1043350      -1.36609856e-01  6.65172793e-04 -4.82726911e-02 
     -0.0804933      -0.1710648       0.0616294       2.74529252e-02  8.34294824e-02 -5.05277245e-02 
      0.1207052       0.0761757      -0.1680699       1.89628810e-02 -3.66323920e-02  1.07175602e-01 
# set: 0088 config: 0063  energy: 1.241911e-01 eV/at
      0.1932632       0.1383679       0.0469002      -3.24600024e-02 -5.89892828e-02 -4.03825859e-02 
      0.0336728      -0.0363438       0.0739260      -2.87395051e-02  1.52801500e-02  3.56352964e-03 
     -0.1618720      -0.1349240      -0.0687055       1.06969277e-01  3.63641181e-02  2.14861149e-02 
     -0.0389893       0.1665218       0.0503315       6.24878361e-02 -9.26874019e-02 -2.24350335e-02 
      0.0228039      -0.0179375       0.0256349      -1.80635562e-02  5.25701535e-02  2.93927885e-02 
      0.2756218      -0.0734856       0.1043350      -1.36609856e-01  6.65172793e-04 -4.82726911e-02 
     -0.0804933      -0.1710648       0.0616294       2.74529252e-02  8.34294824e-02 -5.05277245e-02 
      0.1207052       0.0761757      -0.1680699       1.89628810e-02 -3.66323920e-02  1.07175602e-01 
# set: 0089 config: 0064  energy: 1.631316e-01 eV/at
     -0.1280985      -0.0661556      -0.1333033       4.63546651e-02  2.33205697e-02  2.23991291e-02 
     -0.1712959      -0.0459232      -0.2473771       9.06071561e-02  1.69411159e-02  7.89564094e-02 
      0.0641771       0.0226997      -0.2933243      -8.42876731e-02 -2.46844289e-02  1.21151478e-01 
      0.0834388       0.1713861       0.0656809       2.53040314e-03 -6.87300807e-02 -1.10147245e-01 
     -0.0109469      -0.0085743      -0.2219556       3.79008957e-03  3.96111816e-02  1.68464328e-03 
     -0.1553313       0.0253811      -0.0655690       8.30224727e-02 -3.74981032e-02 -4.75787089e-02 
      0.1129683      -0.1373752      -0.1125298      -1.24737098e-01  1.15274541e-01  4.94227841e-02 
     -0.0556848       0.1715639       0.2180543      -1.72800163e-02 -6.42347962e-02 -1.15888490e-01 
# set: 0090 config: 0065  energy: 1.366548e-01 eV/at
      0.0282470       0.0245325       0.0383112      -2.80579020e-02  1.21526985e-02 -1.64389292e-02 
      0.1870168      -0.1022415      -0.1418077      -5.42050279e-02  7.96968639e-02  6.91870911e-02 
     -0.1121930      -0.0196950      -0.2173500       6.48770353e-02  4.70140610e-02  1.26226540e-01 
     -0.0183535       0.1160006       0.0317619       3.88537718e-02 -7.86648369e-02 -2.41858227e-02 
     -0.1297877      -0.0118505       0.1027414       9.00195084e-02  6.65139247e-02 -8.61599786e-02 
     -0.0126527       0.1499543       0.1457808       1.68519628e-02 -8.67556559e-02 -6.78615294e-02 
      0.1463127      -0.0369960      -0.0882137      -1.22152153e-01  5.68221241e-02  2.48391691e-02 
     -0.0072184       0.1533171       0.0541821      -6.18719507e-03 -9.67791795e-02 -2.56065400e-02 
# set: 0091 config: 0066  energy: 2.369597e-01 eV/at
      0.1749129      -0.0271270       0.1577378      -1.51862398e-02 -3.11032312e-02 -8.98080774e-02 
     -0.2053797      -0.1260551       0.0999779       1.76503755e-01 -3.12685120e-02 -8.67631924e-02 
      0.0611585       0.1262060      -0.1826116       5.15587060e-02 -2.18058698e-02  5.59911288e-02 
     -0.2227312      -0.0932724      -0.0998435       1.71275771e-01  6.29115616e-02  2.14264222e-02 
      0.0509682      -0.1796950      -0.2693729      -6.64526892e-02  1.55639680e-01  1.41818139e-01 
      0.1606400       0.1188719      -0.1823420      -4.24197580e-02 -6.29260406e-02  1.34336264e-02 
      0.3696721       0.0006842      -0.0265232      -1.58319475e-01  1.76598840e-02  1.16356474e-02 
      0.1316707      -0.0026805       0.0193864      -1.16960070e-01 -8.91074723e-02 -6.77336937e-02 
# set: 0092 config: 0067  energy: 2.340928e-01 eV/at
      0.0628720       0.1074010       0.1355373      -7.11365977e-02 -1.07415301e-02 -9.10350082e-02 
      0.2825768      -0.2137837      -0.0496260      -1.44561088e-01  8.26428543e-02 -2.39330546e-02 
     -0.0864774       0.1037548       0.0365969       8.47451961e-02 -1.20180521e-01 -1.07842797e-01 
      0.0345998       0.0586790      -0.0054433      -6.12028372e-02  4.77948344e-02 -7.43656196e-02 
     -0.0348211       0.1637720      -0.0071142       5.66376718e-02 -8.40073246e-02 -1.53836076e-02 
     -0.3315495      -0.0439679      -0.2579331       1.41473340e-01  1.26130814e-02  1.23107010e-01 
     -0.1720523       0.0245928      -0.1063197       6.94919590e-02 -6.93312393e-02  6.83010586e-02 
      0.0681143      -0.2210493      -0.1473661      -7.54476442e-02  1.41209845e-01  1.21152019e-01 
# set: 0093 config: 0068  energy: 2.257687e-01 eV/at
      0.0210677       0.0806570       0.0769185      -5.20454507e-02 -3.95320802e-02 -3.67589575e-02 
     -0.1673800      -0.1258534      -0.2065952       1.47770598e-01  1.13654865e-01  1.90594930e-01 
     -0.0248502      -0.1450830      -0.3651057       7.25638896e-03  1.82064237e-02  1.68335677e-01 
     -0.0707868      -0.0906644       0.1224417       2.43196983e-02  2.17037362e-02 -4.95682606e-02 
     -0.0512586      -0.1870515       0.1079255       2.16774603e-02  7.45112683e-02 -7.87313702e-02 
     -0.0507052       0.1586577       0.1597963      -5.83125850e-02 -1.76685030e-01 -1.10151025e-01 
     -0.0940876      -0.0744612      -0.1485653      -3.16929441e-02  1.64861023e-02  6.12861559e-02 
      0.1439346      -0.1167498       0.2114207      -5.89731652e-02 -2.83452853e-02 -1.45007150e-01 
# set: 0094 config: 0069  energy: 1.146967e-01 eV/at
     -0.0013055       0.0806832       0.1794806      -2.00026937e-02 -3.40618781e-02 -6.26893395e-02 
     -0.1741214       0.0823336      -0.0917420       4.27348488e-02 -4.43420735e-02  3.66873517e-02 
      0.1696017      -0.1750274      -0.0044530      -1.40167042e-01  1.21349448e-01 -3.63401704e-02 
     -0.1252601      -0.0084209       0.0796721       2.60989353e-03 -5.37525027e-03 -7.92575272e-02 
     -0.1120291       0.0238860      -0.1308765       8.67483381e-02 -5.61430985e-02  1.63839401e-01 
     -0.1771940       0.0516888      -0.0012736       5.74003148e-02 -2.45437597e-02 -1.60154351e-02 
      0.0467127      -0.0500304       0.0918544      -5.45882579e-02  2.93279435e-02 -4.01381181e-02 
     -0.1661551      -0.0545234      -0.0637972       2.52645985e-02  1.37886690e-02  3.39138377e-02 
# set: 0095 config: 0070  energy: 1.277343e-01 eV/at
      0.0964406      -0.0546892       0.0653533      -6.81803381e-02  6.12020803e-02 -3.80105183e-02 
      0.1496405       0.0028909      -0.0745124      -1.72782673e-01  2.58683883e-04  1.70081739e-02 
     -0.1016913      -0.0292891      -0.0080820       1.62976813e-02  8.75801082e-03  2.68728901e-02 
     -0.1178170       0.0859363       0.0909396       4.12363403e-02 -4.15329651e-02 -4.94410109e-02 
      0.0936147       0.0793188       0.0929280      -8.32092664e-02 -3.89008216e-02 -3.52135708e-02 
     -0.0712136      -0.1141763      -0.0134959      -2.41016927e-02  4.40457688e-02  3.17807955e-03 
     -0.1898662      -0.0500699       0.0174243       1.38034061e-01  3.82216560e-02 -7.13690913e-03 
     -0.2421417       0.1183313      -0.1011637       1.52705888e-01 -7.20524135e-02  8.27428655e-02 
# set: 0096 config: 0071  energy: 1.297960e-01 eV/at
      0.1090416      -0.0142168      -0.0056406      -3.84554374e-02 -1.60458248e-02  5.47791942e-03 
      0.0400179       0.0864714      -0.2754370      -2.77080223e-02 -1.03684035e-01  9.59386781e-02 
     -0.1181625       0.0250041      -0.0233570       6.46127942e-02 -1.80730646e-02  8.10903885e-03 
      0.2980297       0.1575900       0.0266404      -1.19630292e-01 -4.40643379e-02 -5.11776739e-02 
      0.2510592      -0.1263700      -0.0379220      -5.33659333e-02  8.52828552e-02 -3.98353337e-02 
     -0.1183569      -0.0027973      -0.1524998       6.06663554e-02 -4.63911779e-02  6.91216305e-02 
      0.0499542      -0.0937477       0.0020101       5.59959493e-02  7.51515864e-02 -4.28632699e-02 
     -0.0664244      -0.0886342       0.0237059       5.78845855e-02  6.78239989e-02 -4.47709898e-02 
# set: 0097 config: 0072  energy: 1.575826e-01 eV/at
      0.0721384      -0.2079227      -0.0226033      -6.21890994e-02  9.30949589e-02 -4.75058647e-02 
     -0.0696643      -0.1221538      -0.1444612       6.94534584e-03  4.08138848e-02  3.11905205e-02 
      0.0783150       0.1277102      -0.0316410      -3.41488147e-02 -1.00479674e-01  2.60127808e-02 
     -0.1785932      -0.0560772       0.1310315       2.61236721e-02  3.47812401e-02 -1.06865564e-01 
     -0.1041036      -0.0794900       0.0327502       7.40914906e-02 -9.02382277e-03 -2.85377602e-02 
     -0.3119234       0.0119685      -0.0893594       2.05396911e-01 -1.69929139e-02  7.43228893e-03 
      0.0869547       0.1140346      -0.0885864      -8.23898591e-02 -4.86361775e-02  8.62680124e-02 
      0.1253752      -0.0162854      -0.1181157      -1.33829646e-01  6.44250375e-03  3.20055870e-02 
# set: 0098 config: 0073  energy: 2.486595e-01 eV/at
      0.2430855       0.1054756       0.0444032      -1.27772853e-01 -8.15066013e-02  6.98537889e-02 
      0.1151696      -0.0901679      -0.0777931      -6.63477257e-02  1.57160598e-02  1.08170510e-01 
      0.0465610      -0.0440166       0.1907160      -1.07815538e-01  7.20618106e-02 -9.01399022e-02 
      0.1637213      -0.0406989      -0.1926704      -2.88674237e-02  2.98849355e-02  1.17902587e-01 
     -0.1086599       0.0701693      -0.1680689       1.44988674e-01 -3.78357283e-02  1.33482802e-01 
     -0.1028778       0.1304422       0.3204870       1.64277822e-02 -8.16151496e-02 -1.47309824e-01 
     -0.0840463      -0.1682607       0.1806988       1.05278820e-01  1.26994177e-01 -1.28369207e-01 
     -0.0860216       0.1329417       0.2197984       6.41082657e-02 -4.36995035e-02 -6.35907540e-02 
# set: 0099 config: 0074  energy: 2.989204e-01 eV/at
      0.2253116      -0.0639654       0.2096541      -1.16676109e-01  1.27041081e-02 -6.57968233e-02 
      0.1048309       0.0169012      -0.0107358      -6.08472548e-02 -3.09847132e-03  2.62046051e-02 
      0.1159409       0.1373943      -0.2059233      -1.10591328e-01 -1.09114404e-01  2.73747402e-01 
      0.0798327       0.0568405      -0.0195475      -8.57291597e-02 -9.24537618e-02  7.15323698e-02 
     -0.2407421      -0.0559337       0.1058611       1.80339721e-01  3.92690406e-02 -7.49635010e-02 
     -0.1449371      -0.2351326       0.0552006       2.31088727e-01  2.40497990e-01 -1.54330622e-01 
      0.1969579       0.2061873       0.1895070      -8.51974210e-02 -1.72077866e-01 -7.44042797e-02 
     -0.1461246      -0.1053281       0.0356723       4.76128257e-02  8.42733644e-02 -1.98914991e-03 
# set: 0100 config: 0075  energy: 2.123937e-01 eV/at
     -0.0155190      -0.1952995      -0.1018447       6.31613329e-02  1.18237772e-01  7.68352955e-02 
      0.0216081      -0.1492456       0.0232650       2.35410746e-02  2.30074213e-02  3.75839010e-02 
     -0.0391395      -0.2541584      -0.1099883       6.54005973e-02  1.16582514e-01  7.94639899e-02 
      0.1595173       0.1240049      -0.0491436      -5.40585857e-02 -4.07660850e-02  1.31078164e-01 
      0.0678903      -0.1311604       0.1723099       1.77117244e-02  7.53227608e-02 -1.81980821e-01 
      0.0362297       0.1057795      -0.0486271      -3.20556581e-03 -1.28430806e-01  3.09429537e-02 
     -0.0929010      -0.0481855       0.1000539      -3.06753479e-03  5.00238272e-03 -3.26067448e-02 
      0.2648464       0.2010680       0.2535634      -1.09483043e-01 -1.68955959e-01 -1.41316739e-01 
