# set: 0001 config: 0000  energy: 6.781114e-02 eV/at
     -0.0848708       0.1053779       0.0492577       2.72173357e-02 -2.64273546e-02 -2.60216062e-02 
      0.0289829      -0.1228458       0.0131694       1.17383651e-02  9.57898871e-02  6.07974704e-03 
      0.0309209      -0.1173893       0.1621430      -4.04216905e-02  5.84849289e-02 -9.08333170e-02 
     -0.0476702       0.0055076      -0.0041285       3.81061037e-02 -1.10452036e-03  4.76682238e-03 
     -0.0015275       0.0117844      -0.0153238       1.80220756e-02 -1.98522502e-02  3.72317557e-02 
      0.0909597       0.1089910       0.1015913      -9.26930229e-02 -7.45445272e-02 -2.94796939e-02 
     -0.0641492      -0.0284596      -0.1549157       2.07634092e-02  3.32391640e-02  7.58759039e-02 
      0.0096038       0.0638587      -0.0132452       1.72674241e-02 -6.55853273e-02  2.23803881e-02 
# set: 0002 config: 0000  energy: 6.781114e-02 eV/at
     -0.0848708       0.1053779       0.0492577       2.72173357e-02 -2.64273546e-02 -2.60216062e-02 
      0.0289829      -0.1228458       0.0131694       1.17383651e-02  9.57898871e-02  6.07974704e-03 
      0.0309209      -0.1173893       0.1621430      -4.04216905e-02  5.84849289e-02 -9.08333170e-02 
     -0.0476702       0.0055076      -0.0041285       3.81061037e-02 -1.10452036e-03  4.76682238e-03 
     -0.0015275       0.0117844      -0.0153238       1.80220756e-02 -1.98522502e-02  3.72317557e-02 
      0.0909597       0.1089910       0.1015913      -9.26930229e-02 -7.45445272e-02 -2.94796939e-02 
     -0.0641492      -0.0284596      -0.1549157       2.07634092e-02  3.32391640e-02  7.58759039e-02 
      0.0096038       0.0638587      -0.0132452       1.72674241e-02 -6.55853273e-02  2.23803881e-02 
# set: 0003 config: 0001  energy: 4.092625e-02 eV/at
      0.0772928      -0.0667744      -0.0367147      -4.07181056e-02  7.66685204e-03  6.62226782e-03 
     -0.1034257       0.1033598      -0.0903611       5.28799820e-02 -6.56518073e-02  3.35292235e-02 
      0.0073561      -0.1644785       0.0413940      -8.81695283e-03  5.26375922e-02 -2.21821553e-02 
     -0.0188948      -0.0700873       0.0420037       2.42658724e-02 -1.53384390e-02 -1.43518536e-02 
     -0.0115206      -0.0918929       0.0119856      -8.68662318e-03  1.94902694e-02  1.87874906e-03 
      0.0944170      -0.0507507       0.0124121      -4.71194971e-02 -2.48686981e-02  9.33666901e-03 
     -0.0186298      -0.0762283      -0.0997975       2.11771662e-02  1.84153476e-02  5.51834825e-02 
      0.0091277      -0.0565143       0.0763870       7.01815855e-03  7.64888310e-03 -7.00163825e-02 
# set: 0004 config: 0002  energy: 7.865559e-02 eV/at
     -0.1345560       0.0879555      -0.0538677       7.87621558e-02 -1.34629426e-02  3.09221836e-02 
      0.0124695       0.0990898       0.1047812       1.87796589e-02 -4.21131215e-02 -3.19142052e-02 
     -0.1141787       0.1001715       0.2209132       9.22361085e-02 -8.61049730e-02 -1.21283358e-01 
      0.0877216       0.0220758       0.0948188      -2.99022763e-02  3.84731208e-03 -2.34302755e-03 
      0.0847478      -0.0187816       0.0591307      -8.11190093e-02  2.95785371e-02  2.94918949e-03 
      0.1188213       0.0241621       0.0505011      -7.28723292e-02  8.61920621e-03  3.25531239e-02 
     -0.1153760       0.0221285       0.0144460       5.65297077e-02  3.16418855e-02  3.04415612e-03 
      0.1018954       0.0105699      -0.0210215      -6.24140156e-02  6.79940970e-02  8.60719378e-02 
# set: 0005 config: 0003  energy: 5.895830e-02 eV/at
     -0.0116052       0.0087914       0.0818739      -4.52813847e-03  2.15244591e-02 -4.83444198e-02 
      0.0571575       0.1149698      -0.1221740      -2.43254255e-02 -5.29610993e-02  5.68279539e-02 
      0.0399450      -0.1619546      -0.0283555       2.53919158e-03  7.57812612e-02  3.10143320e-02 
      0.0367814       0.0591071       0.0842654      -2.63306735e-02 -3.51841181e-02 -4.46080947e-02 
      0.0511138       0.0190460       0.0819192      -1.35771959e-02 -4.42359957e-02 -3.14231487e-02 
     -0.0007473      -0.0236745      -0.0076519      -1.45114960e-02  4.27575748e-02  2.68935081e-02 
     -0.0156065       0.1393662      -0.0333578       3.29487731e-02 -8.17481591e-02  5.74560022e-03 
     -0.0734930      -0.1215984      -0.0615778       4.77849647e-02  7.40660762e-02  3.89426935e-03 
# set: 0006 config: 0004  energy: 8.188721e-02 eV/at
      0.0788751      -0.0776139      -0.0430134      -3.29231833e-02  5.05817441e-02  3.60035799e-02 
     -0.0507315      -0.0074380      -0.1152985       3.64083804e-02  2.00285111e-02  1.09633315e-01 
      0.0046950      -0.1711716       0.0042681      -5.37479210e-03  1.14589442e-01  9.51791765e-04 
     -0.0408888       0.1722895       0.0728503       2.37520187e-02 -7.69299409e-02 -2.91876917e-02 
     -0.0722475       0.0785213       0.0339962       5.43127847e-02 -3.01468468e-02 -3.77499410e-04 
      0.0173018       0.1761442       0.0627963      -3.61319847e-02 -1.14808787e-01 -5.97045761e-02 
      0.0028188      -0.0581539       0.0788123      -3.17452330e-02  4.59598778e-02 -2.55061520e-02 
      0.0308558       0.0066562       0.0723284      -8.29799081e-03 -9.27400136e-03 -3.18127666e-02 
# set: 0007 config: 0005  energy: 7.580629e-02 eV/at
      0.1126178       0.0648624       0.0678356      -3.31745987e-02 -4.09800854e-02 -5.88694047e-02 
      0.1439380       0.0595031       0.0322638      -9.97473655e-02 -2.01007629e-02 -1.26097537e-03 
      0.0969327       0.0057925      -0.0573225      -4.83258395e-02  2.69344454e-02 -3.23743567e-02 
     -0.1119176      -0.0782400      -0.0586485       6.19144266e-02  5.24818638e-02  1.03221922e-02 
     -0.1046388       0.1426335      -0.0343803       5.93784998e-02 -6.11000525e-02  2.05396473e-02 
      0.0860831       0.0090439      -0.1930685      -3.22157543e-02  2.53420085e-02  9.19109481e-02 
     -0.0862126      -0.1083817      -0.0268921       7.31475328e-02  5.45664715e-02  9.19472566e-03 
     -0.0041245       0.0290362      -0.0124463       1.90230984e-02 -3.71438880e-02 -3.94627769e-02 
# set: 0008 config: 0006  energy: 1.223952e-01 eV/at
      0.1057518      -0.1659887       0.1885346      -9.15516946e-02  1.07433516e-01 -1.46348406e-01 
     -0.0761067       0.0547731      -0.1005547       2.87026007e-02 -2.39355952e-02  4.94508417e-02 
     -0.1202708       0.1149962       0.1852826       8.12940859e-02 -8.55041788e-02 -1.18708246e-01 
      0.0116857      -0.1112635       0.0290896       1.66291141e-02  4.64550446e-02 -7.32278225e-04 
     -0.0405951       0.0621018      -0.0628824       8.08230208e-03 -4.70671693e-02  4.96463593e-02 
      0.0969801      -0.1108988       0.0070080      -4.96587890e-02  3.52940265e-02  1.34554046e-02 
     -0.0887002       0.0346326      -0.0564005       1.13602032e-01 -9.87038524e-02  9.20718615e-02 
      0.1067251      -0.0109337      -0.0085306      -1.07099651e-01  6.60282087e-02  6.11644626e-02 
# set: 0009 config: 0007  energy: 4.399723e-02 eV/at
     -0.0545139      -0.0953722       0.0730576       1.19991201e-02  4.93931404e-02 -3.74315240e-02 
      0.0310507       0.0524624       0.0298634       5.77089364e-03 -1.47067896e-02 -5.17693308e-03 
      0.0929487      -0.0369044      -0.0390726      -5.12261216e-02  1.67084948e-02  1.51353352e-02 
      0.0957075      -0.1244791       0.0498738      -5.28826489e-02  5.72596052e-02 -3.57789075e-02 
     -0.0797098      -0.0141911       0.0294450       5.56299161e-02 -7.03922733e-03 -1.88464497e-02 
     -0.0362960       0.0519020       0.0119489       7.56450038e-02 -4.59577200e-02  4.74811830e-02 
      0.0469831       0.0150883      -0.1237600      -1.05180638e-02 -2.15729842e-02  7.28323203e-02 
      0.0458968       0.0086619       0.0638252      -3.44180999e-02 -3.40845186e-02 -3.82150246e-02 
# set: 0010 config: 0008  energy: 6.551714e-02 eV/at
      0.0596605      -0.0665669      -0.0789018      -5.98872806e-02  5.11298932e-02  3.25439823e-02 
      0.0600509       0.0399664       0.1517097      -2.19046472e-02 -2.96751011e-02 -7.08830428e-02 
     -0.1580054      -0.0725618      -0.1205489       8.32428757e-02  5.88106766e-02  5.78500179e-02 
      0.0120832       0.0461842       0.0234273      -7.02108920e-03 -1.36297477e-03 -1.18851461e-02 
      0.0866103       0.0403551      -0.0476720      -8.28427071e-02 -2.12364648e-02  6.59144836e-03 
     -0.0254110       0.0341620      -0.0175232       1.05537959e-04 -4.42653539e-04  1.79536217e-02 
     -0.1162327       0.1167497      -0.0075475       3.77373387e-02 -1.00953656e-01 -4.63887380e-03 
     -0.0251953      -0.0626259       0.0624581       5.05699717e-02  4.37302798e-02 -2.75320076e-02 
# set: 0011 config: 0009  energy: 1.023317e-01 eV/at
     -0.0035956      -0.1216828      -0.1743651      -2.50242099e-03  6.69624291e-02  7.67566647e-02 
      0.0731176      -0.0426640      -0.0408903      -4.72868731e-02  1.65076094e-03  4.53222772e-02 
      0.0014496      -0.0886804      -0.0400469      -2.00035766e-02  1.62770314e-02  2.62883944e-02 
      0.1302642       0.0547425      -0.0736949      -1.07434559e-01 -8.74558149e-02  1.05551059e-01 
     -0.0603910      -0.0985419       0.1519314       3.88504149e-02  6.43884936e-02 -1.33952128e-01 
      0.0242470       0.0043190       0.1429747      -2.16513999e-02 -3.58434689e-02 -7.53976788e-02 
     -0.2123945      -0.0012781       0.0141788       1.10980467e-01  1.58906237e-02 -3.47772760e-02 
     -0.0162419       0.0435327       0.0074170       4.90479474e-02 -4.18700551e-02 -9.79131234e-03 
# set: 0012 config: 0010  energy: 8.354198e-02 eV/at
     -0.0814406       0.0163940       0.0129039       6.38063790e-02 -2.36727881e-02 -3.12942083e-02 
     -0.1874323      -0.1312710      -0.0912735       1.15688927e-01  8.00495852e-02  5.65710813e-02 
      0.0574918       0.0441725      -0.0174298      -9.58853986e-03  4.47839484e-03  1.54595979e-02 
      0.0361105      -0.0642024      -0.0168147      -8.12405070e-03  6.46792754e-02  1.97364505e-02 
     -0.0691339      -0.0248630      -0.0323125       5.28431449e-02 -6.92046975e-03 -1.10003046e-02 
      0.0294110       0.0092990      -0.0886558      -1.12792272e-02 -2.25374448e-02  1.99694952e-02 
      0.1380632       0.1368073       0.0048906      -9.27433024e-02 -6.78383001e-02 -5.27119455e-03 
      0.1416281       0.0406125       0.0782426      -1.10603331e-01 -2.82382522e-02 -6.41709178e-02 
# set: 0013 config: 0011  energy: 1.222385e-01 eV/at
     -0.0416332      -0.0664834       0.0312886       2.31158175e-02  4.28721875e-02  8.13711552e-03 
     -0.0971948       0.0810212       0.0624125       4.51284822e-02 -3.29375612e-02 -3.05436652e-03 
      0.1469805      -0.0404222       0.0300463      -8.80017824e-02  2.10134369e-02  1.16797039e-02 
     -0.0430635       0.1835090       0.0892357       8.50137236e-03 -9.42687926e-02 -1.45688181e-02 
     -0.0325951       0.1244344       0.0893490      -5.34981528e-03 -1.15835797e-01 -4.68011135e-04 
      0.1042092      -0.1961538       0.1476194      -3.25906012e-02  1.53417825e-01 -4.97199697e-02 
     -0.0062414       0.1530415       0.0062841       8.65518220e-03 -9.79576486e-02  3.75090791e-02 
     -0.0707414      -0.1674896       0.0026096       4.05413450e-02  1.23696350e-01  1.04852673e-02 
# set: 0014 config: 0012  energy: 8.005457e-02 eV/at
     -0.0783223       0.0103642      -0.0124108       7.94679617e-02  2.16025633e-02  3.12988997e-02 
     -0.0933742       0.1761927      -0.0206746       6.43975232e-02 -7.53590394e-02  9.95008464e-03 
      0.1082160      -0.0981078       0.0945026      -3.28204741e-02  6.99379143e-02 -4.00278475e-02 
     -0.0857601       0.0320757       0.0259043       7.14967835e-02 -2.66602892e-02 -1.44925399e-02 
      0.0580478       0.0853624       0.0059717      -3.90305274e-03 -3.95111125e-02  5.41593650e-02 
      0.0299432       0.0273655       0.0432105      -7.74652251e-04 -5.29257798e-03 -2.21257982e-02 
      0.1963670      -0.1011004       0.1170187      -1.00601967e-01  6.61096096e-02 -3.45375206e-02 
      0.1138033       0.0201854      -0.0218051      -7.72621220e-02 -1.08270677e-02  1.57753569e-02 
# set: 0015 config: 0013  energy: 4.335376e-02 eV/at
      0.0292350      -0.0761671       0.0939648      -3.16222515e-02  6.38204998e-02 -4.82384295e-02 
     -0.0608326      -0.0619401       0.0060090       3.59188688e-02  3.47239561e-02  1.27814092e-02 
     -0.0627073      -0.0509233      -0.0345295       4.31455506e-02  4.42461715e-02  2.59728762e-02 
      0.0440751       0.0181812       0.0294179      -4.31283705e-02  2.40511860e-02 -2.96340685e-02 
      0.0219206       0.0099739       0.0446634      -6.94176956e-03 -2.72360502e-04 -3.57325686e-02 
     -0.0217864       0.1507236      -0.0817858       1.37165672e-02 -8.84069361e-02  5.87520209e-02 
     -0.0088792       0.0948186      -0.0160564       3.81720166e-03 -7.36324149e-02  4.07987866e-02 
      0.0268547      -0.0190369       0.0482851      -1.49057964e-02 -4.53010183e-03 -2.47000261e-02 
# set: 0016 config: 0014  energy: 1.137829e-01 eV/at
      0.0762755      -0.1224494      -0.1152523      -2.04590644e-02  7.85858408e-02  3.96588542e-02 
     -0.0096470      -0.0619948       0.0421496      -3.13428268e-02  2.93608590e-02 -5.99916941e-02 
     -0.0761539       0.0284939      -0.0838924       2.29518315e-02 -2.10713770e-02  1.02892612e-02 
     -0.1510419       0.0849961       0.0967284       1.11380664e-01 -7.25460346e-02 -1.17298180e-01 
      0.1695036       0.0458893      -0.0678652      -1.17408179e-01  8.53838099e-03  3.18255040e-03 
     -0.0978163       0.0949236      -0.0009218       1.27212801e-02 -6.99777038e-02 -2.51885510e-02 
     -0.0570617      -0.1866501      -0.1239786      -2.89983341e-02  1.34348623e-01  8.74575752e-02 
     -0.0478493       0.1038279      -0.1131821       5.11546281e-02 -8.72385879e-02  6.18901845e-02 
# set: 0017 config: 0015  energy: 6.237303e-02 eV/at
      0.0486425      -0.0899066      -0.0319699      -2.42336100e-02  2.62745190e-02  1.71297579e-02 
      0.0720738       0.0423467       0.0731725      -1.21541127e-02 -3.57490954e-02 -5.18623764e-02 
     -0.0400107       0.0537534       0.1083543       4.24892908e-02 -3.72125165e-02 -6.22747848e-02 
      0.0061934      -0.0136942       0.1365636       2.28243761e-03  1.13973442e-03 -9.90309828e-02 
      0.0373297      -0.0806425      -0.0910324      -1.39634138e-02  5.22924377e-02  6.79042411e-02 
     -0.0837955       0.1011596      -0.0113695       7.93640877e-02 -8.42511374e-02  3.33734266e-02 
      0.0947630      -0.0825865      -0.0159590      -5.14728569e-02  7.17453053e-02  2.92719026e-02 
      0.0072335      -0.0366014      -0.0410062      -2.23118222e-02  5.76075325e-03  6.54888154e-02 
# set: 0018 config: 0016  energy: 5.253154e-02 eV/at
     -0.0680600       0.0256566      -0.0272684       1.39014559e-02  7.06366898e-03 -5.63732414e-03 
     -0.1344673      -0.0169211      -0.0413981       2.11309035e-02  2.15862135e-02 -1.53526539e-03 
     -0.1943458       0.0666004       0.0495597       5.88393842e-02 -5.07481703e-02 -5.31619360e-02 
      0.0264366      -0.0874846      -0.0300238      -4.57081337e-02  5.56035710e-02 -1.20681271e-02 
     -0.0513441       0.0611634       0.1005301      -1.37584527e-02 -2.44618661e-02 -8.97672194e-02 
     -0.0958470      -0.0149391      -0.1212091       1.62416279e-02 -1.17308765e-02  9.59333418e-02 
     -0.0802650       0.0050846      -0.1637117       3.46534883e-03 -1.85449324e-02  8.63300441e-02 
     -0.0130533       0.0257810      -0.0226148      -5.41121335e-02  2.12323927e-02 -2.00935143e-02 
# set: 0019 config: 0017  energy: 5.856651e-02 eV/at
     -0.0123918       0.1141842       0.1235904       3.48424834e-02 -5.48267314e-02 -5.98558124e-02 
     -0.1711108       0.0653810       0.0511189       7.93883162e-02 -3.98029857e-03 -1.43150441e-02 
      0.1228052       0.1081394       0.0160690      -5.49279650e-02 -3.77401690e-02  9.18139831e-03 
     -0.0736391       0.0534054       0.1327472       3.50919584e-02 -3.42307418e-02 -7.04828931e-02 
      0.0395452       0.0393772       0.0685297      -5.71244877e-02  2.11357345e-02  1.86538841e-02 
      0.0975085       0.0108009      -0.0009635      -8.29116113e-02  4.06995222e-02  2.59106671e-02 
      0.0056688      -0.0158222      -0.0319105      -5.66494069e-03  4.66021472e-02  6.79213384e-02 
     -0.1023083       0.0099612      -0.0490012       5.13062467e-02  2.23405364e-02  2.29864610e-02 
# set: 0020 config: 0017  energy: 5.856651e-02 eV/at
     -0.0123918       0.1141842       0.1235904       3.48424834e-02 -5.48267314e-02 -5.98558124e-02 
     -0.1711108       0.0653810       0.0511189       7.93883162e-02 -3.98029857e-03 -1.43150441e-02 
      0.1228052       0.1081394       0.0160690      -5.49279650e-02 -3.77401690e-02  9.18139831e-03 
     -0.0736391       0.0534054       0.1327472       3.50919584e-02 -3.42307418e-02 -7.04828931e-02 
      0.0395452       0.0393772       0.0685297      -5.71244877e-02  2.11357345e-02  1.86538841e-02 
      0.0975085       0.0108009      -0.0009635      -8.29116113e-02  4.06995222e-02  2.59106671e-02 
      0.0056688      -0.0158222      -0.0319105      -5.66494069e-03  4.66021472e-02  6.79213384e-02 
     -0.1023083       0.0099612      -0.0490012       5.13062467e-02  2.23405364e-02  2.29864610e-02 
# set: 0021 config: 0018  energy: 8.114656e-02 eV/at
     -0.0344739       0.2294474      -0.0778569       2.60783087e-02 -7.40277055e-02  3.54621680e-02 
      0.0756818      -0.0638310       0.1377404      -1.86402864e-02  5.61302348e-02 -6.90159887e-02 
     -0.0796584      -0.1453916      -0.0531217       8.39363461e-02  6.66275378e-02  5.26403393e-02 
     -0.0283740       0.0375845       0.0565141       5.18775823e-02 -2.46307706e-02 -2.35064280e-02 
      0.0955825      -0.0036353       0.0031529      -2.69833505e-02  1.23738573e-02  4.01871110e-02 
      0.0422869       0.0067944       0.1619129      -1.90214547e-02  1.29415451e-03 -6.47970774e-02 
      0.1308190       0.0045676       0.0161639      -1.08567469e-01 -1.26597754e-02 -5.52676491e-02 
      0.0744631       0.0264473      -0.1141710       1.13203228e-02 -2.51075333e-02  8.42975245e-02 
# set: 0022 config: 0019  energy: 7.515062e-02 eV/at
     -0.2337436      -0.0329601       0.1230944       8.75433808e-02  2.50823554e-02 -3.30047596e-02 
      0.1009491       0.0143992      -0.0713968      -4.52395583e-03  1.37492524e-02  8.13559306e-02 
     -0.0426274       0.0154977       0.0199119       3.89021055e-02 -1.10165715e-02 -1.64414032e-02 
     -0.1206585      -0.0213744       0.1299383       6.52464910e-02  1.09098492e-03 -5.81295951e-02 
      0.0129410       0.0701558      -0.0457844      -2.06639165e-02 -5.01347967e-02  3.63063503e-02 
      0.0681040       0.1334755       0.1546891      -5.74394015e-02 -4.26858002e-02 -6.04193063e-02 
      0.0082235       0.0119998      -0.0068185      -2.76976061e-02  2.54145824e-02 -1.01643537e-02 
      0.1152175      -0.0851258      -0.0148145      -8.13670974e-02  3.84999929e-02  6.04971374e-02 
# set: 0023 config: 0020  energy: 8.672609e-02 eV/at
      0.1182020       0.0130839       0.0013575      -5.28889898e-02 -2.50611162e-03 -1.84736098e-03 
      0.0244020      -0.2340465       0.0540670       1.98202989e-02  9.11596104e-02 -1.57383728e-02 
     -0.0411392       0.0530725       0.0842471       5.89438615e-02 -6.08988704e-02 -5.23634415e-02 
     -0.0538664      -0.0604540       0.0046681       6.11801049e-02  4.90282714e-02  6.45439981e-03 
      0.1412973      -0.1096081       0.0674133      -4.04176113e-02  4.37907717e-02 -4.98837582e-02 
      0.0186762       0.1094650      -0.0478996      -1.07622741e-02 -9.28251751e-02  4.76440936e-02 
     -0.0115406      -0.0234647      -0.1496983       1.53156764e-02  8.63885575e-03  1.21787768e-01 
      0.1380679      -0.0125953       0.0856000      -5.11910670e-02 -3.63873525e-02 -5.60533281e-02 
# set: 0024 config: 0021  energy: 1.635827e-01 eV/at
      0.0216401      -0.1160327       0.0451020       9.22485436e-03  8.83424016e-02 -8.66322894e-03 
     -0.0512818      -0.0434189       0.1516617       4.84909519e-02  3.51632593e-02 -2.15594958e-02 
      0.1208798      -0.0341824      -0.2549390      -4.48060137e-02  5.16577872e-02  9.03301186e-02 
     -0.0235178       0.1207971       0.0941585       3.38690247e-02 -1.95778901e-02 -9.12089798e-02 
      0.0008443       0.2544419      -0.1376150       5.38770873e-02 -8.72180948e-02  7.90095329e-02 
     -0.1769149       0.2813184       0.1401520       1.31214792e-01 -6.58109188e-02 -7.55540102e-02 
      0.1334204       0.0017232      -0.0103443      -1.36203953e-01 -2.78416034e-03  3.87610322e-03 
      0.2101822      -0.0379467       0.0119061      -9.56667434e-02  2.27616287e-04  2.37699600e-02 
# set: 0025 config: 0022  energy: 4.896996e-02 eV/at
     -0.0552990       0.0168552      -0.1341070      -2.97162033e-02 -3.43606611e-02  4.86977141e-02 
      0.1392873      -0.0000845       0.0410043      -6.12988384e-02 -7.27976375e-03 -3.49747224e-02 
      0.0451837       0.0427556       0.0328002      -5.02010605e-02 -2.12549697e-02 -3.99376076e-02 
     -0.0548256      -0.0466522      -0.0761740       1.76530476e-02  1.86787540e-02  3.66956205e-02 
     -0.0707228      -0.0098427      -0.1313737       2.21619399e-02 -4.32462619e-02  3.64056855e-02 
      0.0002473      -0.0844121       0.0122868       3.74654484e-03  6.71713934e-02 -1.57737241e-02 
     -0.1153898       0.0643354      -0.0899244       5.70898178e-02 -3.60394936e-02  1.72640396e-02 
     -0.0476569      -0.0958088       0.0701015       4.05647524e-02  5.63310023e-02 -4.83770051e-02 
# set: 0026 config: 0023  energy: 6.649458e-02 eV/at
      0.0767168      -0.0312254      -0.0709825      -6.62140157e-02 -1.15628160e-02  3.23435695e-02 
     -0.0178143      -0.0087957      -0.1465051      -3.84253246e-02 -2.90833769e-02  7.69450165e-02 
     -0.0691171       0.1811416       0.0629450       4.30374504e-02 -7.70285779e-02 -4.61388387e-02 
     -0.1547195       0.0787469       0.0218934       4.28994334e-02 -8.05300260e-03 -6.15892161e-03 
     -0.0566003       0.0184630      -0.1074095       8.10743876e-03 -1.84470002e-02  4.14271654e-02 
     -0.0581363      -0.0159424      -0.0758252       9.33077076e-03  2.93441833e-02 -2.06001252e-02 
     -0.1035004       0.0447740       0.1827172       4.31537775e-02  1.14422436e-02 -8.69276864e-02 
      0.0191119      -0.0968341       0.0429048      -4.18895303e-02  1.03388347e-01  9.10982009e-03 
# set: 0027 config: 0024  energy: 8.936018e-02 eV/at
      0.1309672      -0.0209852       0.0088490      -4.63904879e-02  1.39678484e-02 -4.92115923e-03 
     -0.0238410      -0.0035923      -0.0273926       3.64739418e-02 -1.08682632e-02  2.90978532e-02 
     -0.0130236      -0.0320317      -0.0658540       5.38360777e-02 -8.82062596e-03  1.09478224e-02 
      0.0126331       0.2041117      -0.0053079       8.57986590e-03 -1.30507312e-01  6.14273011e-03 
     -0.0556381      -0.0449825       0.0693415       1.00907330e-01  4.29764699e-02 -6.61421380e-02 
     -0.0173467       0.0357858       0.0255311       4.91148610e-02 -6.67725394e-04 -1.99429272e-02 
      0.0965262      -0.0062297      -0.0519988      -9.06566598e-02  2.38886546e-04  5.12365245e-02 
      0.2513056      -0.1733592       0.0275561      -1.11864929e-01  9.36807214e-02 -6.41870618e-03 
# set: 0028 config: 0024  energy: 8.936018e-02 eV/at
      0.1309672      -0.0209852       0.0088490      -4.63904879e-02  1.39678484e-02 -4.92115923e-03 
     -0.0238410      -0.0035923      -0.0273926       3.64739418e-02 -1.08682632e-02  2.90978532e-02 
     -0.0130236      -0.0320317      -0.0658540       5.38360777e-02 -8.82062596e-03  1.09478224e-02 
      0.0126331       0.2041117      -0.0053079       8.57986590e-03 -1.30507312e-01  6.14273011e-03 
     -0.0556381      -0.0449825       0.0693415       1.00907330e-01  4.29764699e-02 -6.61421380e-02 
     -0.0173467       0.0357858       0.0255311       4.91148610e-02 -6.67725394e-04 -1.99429272e-02 
      0.0965262      -0.0062297      -0.0519988      -9.06566598e-02  2.38886546e-04  5.12365245e-02 
      0.2513056      -0.1733592       0.0275561      -1.11864929e-01  9.36807214e-02 -6.41870618e-03 
# set: 0029 config: 0025  energy: 8.629751e-02 eV/at
     -0.0036371       0.1146699       0.0908652      -1.11058857e-03 -6.35747049e-02 -4.24536516e-02 
     -0.0384482       0.0913641       0.1667544       3.71377078e-02 -6.79316546e-02 -1.04572939e-01 
      0.0069594      -0.0334374       0.0398338      -3.28345182e-02  1.24784198e-02 -3.52948958e-02 
     -0.0262883      -0.0742290      -0.0756431       1.32354812e-02  2.43244119e-02  3.76191069e-02 
     -0.0252367      -0.0852882      -0.1788769      -5.92742978e-02  8.68718831e-02  1.49517578e-01 
      0.0756511      -0.0191123       0.0766692      -6.77831382e-02  1.07620699e-02 -2.20065611e-02 
     -0.1099443      -0.0935144       0.0002564       6.05303967e-02  5.12530283e-02 -2.43328682e-02 
     -0.0870488       0.0522388      -0.0262402       5.00989572e-02 -5.41834539e-02  4.15242304e-02 
# set: 0030 config: 0026  energy: 7.366551e-02 eV/at
      0.0527682      -0.1476212       0.0487183      -9.96150165e-02  8.94193447e-02 -8.08179417e-02 
      0.1302850      -0.0976004      -0.0637455      -8.21792277e-02  3.84367073e-02  1.87786889e-03 
     -0.0444136       0.0714232      -0.0816446      -2.64508772e-02 -2.05650305e-02  2.69799485e-02 
      0.0144595       0.1235049       0.0511018      -6.40900723e-03 -4.56635365e-02 -4.68328941e-02 
     -0.0679189      -0.0088633      -0.1742495       2.25524415e-02  2.82218137e-03  3.65665199e-02 
     -0.0605010       0.0068165       0.0076336       2.50421462e-02 -6.24876202e-03 -2.30336089e-02 
     -0.1318227      -0.0029107      -0.1227212       9.35507585e-02 -2.15410341e-02  8.04819634e-02 
     -0.1216508       0.0446947       0.0620010       7.35087820e-02 -3.66598701e-02  4.77814359e-03 
# set: 0031 config: 0027  energy: 5.456686e-02 eV/at
     -0.0604799      -0.0104916       0.0102960       1.66475466e-02 -3.89394692e-03  1.32586801e-02 
     -0.1175893      -0.1199578       0.1035602       3.54078738e-02  4.61647560e-02 -6.07786808e-02 
     -0.0202991       0.0588369      -0.1128877      -2.25547561e-02 -5.03404345e-02  5.34616004e-02 
     -0.0258946      -0.0824046       0.0118064      -2.98414803e-03  3.46949934e-02 -4.02489545e-02 
      0.1002995      -0.0371657       0.0246798      -8.11986187e-02  3.33020518e-02 -2.14040540e-02 
     -0.1051348       0.0539390      -0.0075509       3.18076918e-02 -4.95743681e-02  1.23877490e-02 
      0.0221845      -0.0999853      -0.0973843      -2.72964651e-02  4.42858751e-02  6.00062505e-02 
     -0.1210449       0.0217183       0.0233345       5.01708758e-02 -5.46389264e-02 -1.66825907e-02 
# set: 0032 config: 0028  energy: 6.841661e-02 eV/at
     -0.0384820      -0.0079261      -0.0325595       4.66343248e-02 -6.74932766e-03  3.94759887e-02 
     -0.2426905      -0.0196391       0.0329531       1.42779800e-01 -2.36526225e-02 -1.93550963e-02 
      0.0985089      -0.0466220      -0.0703660      -4.85575700e-02 -2.07989472e-02  3.46895635e-02 
      0.1209499      -0.0148310      -0.1250530      -6.35548395e-02 -2.59318409e-02  5.50040704e-02 
      0.1225812      -0.0384944       0.0288639      -7.00997168e-02  3.41314832e-02  4.20651040e-03 
      0.0076873      -0.0298310       0.0754426      -2.09092835e-02  4.92002781e-04 -7.82390722e-02 
      0.0034685      -0.0871633       0.0488697       3.92029281e-03  2.58233687e-03 -3.98370722e-02 
      0.0115289      -0.1221999      -0.0393482       9.78699279e-03  3.99269157e-02  4.05510808e-03 
# set: 0033 config: 0029  energy: 6.753006e-02 eV/at
      0.2047496       0.0014399       0.1551079      -7.54931231e-02  2.80624923e-02 -3.46413239e-02 
      0.1295110       0.0326037      -0.1067517      -5.58263213e-02 -4.79053476e-03  6.40772739e-02 
      0.0731403       0.0069444       0.1003552       8.63158378e-03  1.29557592e-02 -1.40930791e-02 
     -0.1278531      -0.0048629      -0.1478295       9.51814557e-02  3.41932695e-02  7.22795168e-02 
      0.1870821       0.0702625       0.0880465      -5.38696174e-02 -2.06441016e-02 -1.85229948e-02 
      0.0551934       0.0666510       0.0407894      -4.28094549e-02 -2.07082263e-02 -2.32011762e-02 
      0.0442384       0.0048135       0.0682650       7.63384427e-02  8.45817807e-03 -1.44581940e-02 
     -0.0730444       0.0488166       0.0293725       4.78470345e-02 -3.75268364e-02 -3.14400228e-02 
# set: 0034 config: 0030  energy: 8.745724e-02 eV/at
     -0.0065912      -0.2000657      -0.0764263       2.54962446e-02  8.30707072e-02  4.30496272e-02 
     -0.1606249      -0.2040176      -0.1730857       9.54599758e-02  9.33217821e-02  1.01019347e-01 
     -0.0428575      -0.0138424      -0.0867138       1.58938834e-02  2.73191519e-02  6.28804932e-02 
      0.0414853      -0.0292746      -0.0082472      -1.67718598e-02  3.88502356e-02 -1.60254896e-03 
      0.0684692       0.0738847      -0.0974106      -5.40103710e-02 -8.45163796e-02 -5.45910882e-03 
     -0.0541893      -0.0208303      -0.0077476      -2.03172066e-02 -5.27442811e-02 -7.67739172e-02 
     -0.0144810       0.0508514       0.1367775      -2.30182645e-02 -8.39246235e-02 -8.34513660e-02 
      0.0078598       0.0222638       0.0901155      -2.27324016e-02 -2.13765930e-02 -3.96625261e-02 
# set: 0035 config: 0031  energy: 8.412877e-02 eV/at
     -0.0321543      -0.0361629       0.0557516       4.18176915e-02 -1.05660381e-02 -3.02211305e-02 
     -0.0060049       0.0120603       0.0860181       2.84969412e-02 -2.93109586e-02 -4.30051767e-02 
     -0.0853453       0.1114486      -0.0596655       3.50739175e-02 -4.61914317e-02  2.97843437e-02 
     -0.0157745       0.1736590       0.0602220       8.81023957e-02 -1.21073055e-01 -6.88746171e-02 
      0.0410610      -0.0334330      -0.0135086      -1.78690981e-02  5.09285011e-02 -1.74843271e-02 
      0.0311913      -0.1084027      -0.0406667      -5.10808793e-03  6.57572348e-02  5.06096458e-02 
      0.1551628      -0.1011843      -0.0944757      -1.27978028e-01  9.67874860e-02  1.22998839e-01 
      0.0657614       0.0417223       0.1306844      -4.25357319e-02 -6.33173768e-03 -4.38075777e-02 
# set: 0036 config: 0032  energy: 1.319863e-01 eV/at
     -0.0941203       0.1107011       0.0255469       3.26420114e-02 -7.08720514e-02 -6.15804299e-03 
      0.0509533       0.0915942      -0.1559182      -4.27494355e-02 -8.27597613e-02  1.08928295e-01 
      0.0361579       0.0432745      -0.0441005      -9.75536746e-03 -3.73660953e-02 -7.47810545e-03 
     -0.0939004       0.0928940      -0.2106532       5.07021306e-02 -6.31583762e-02  2.97994773e-02 
      0.0633650      -0.0194570      -0.1174281      -2.33572995e-02  5.78638800e-02  4.18716754e-02 
      0.0737915       0.0967372       0.0688305      -6.35238971e-02 -3.64174318e-02 -7.48460974e-02 
      0.0772964      -0.3322904       0.0510445       3.87829337e-02  2.02042855e-01 -8.95109726e-02 
     -0.0486397      -0.1376901      -0.0131695       1.72589238e-02  3.06669819e-02 -2.60622973e-03 
# set: 0037 config: 0033  energy: 9.683431e-02 eV/at
     -0.0608273      -0.0204112       0.1623135       3.84777819e-02 -2.56943175e-02 -9.16517874e-02 
      0.1299740      -0.0633157      -0.0822342      -6.00872185e-02  1.33554709e-02  2.45982776e-02 
      0.0022087       0.2036047      -0.0119801       4.85372359e-03 -7.84725957e-02  4.77228416e-02 
     -0.2159281       0.0581977       0.1397931       1.08692128e-01 -1.75656945e-02 -7.17225127e-02 
      0.1001417       0.0084404      -0.1459544      -3.63118596e-02 -1.19614246e-02  6.28598596e-02 
     -0.0600575      -0.1283783      -0.0824325       8.79322216e-03  1.17231926e-01  1.84349505e-02 
      0.0798151       0.0750037       0.1186503      -4.33148659e-02  1.03931683e-03 -1.54762343e-02 
     -0.0066466       0.0425937       0.0517924      -2.11029121e-02  2.06731829e-03  2.52346048e-02 
# set: 0038 config: 0034  energy: 4.666462e-02 eV/at
     -0.0319241       0.1812995       0.1226831       4.54534699e-02 -9.50413026e-02 -5.19273878e-02 
      0.1093440      -0.0476818      -0.0260957      -2.64342998e-02  1.60287407e-02  5.47287295e-03 
      0.1208842      -0.0806117       0.0768317      -4.52317177e-02  2.44037269e-02 -3.59288283e-02 
      0.0170688      -0.0932791       0.0090863       4.97242243e-03  4.67964175e-02 -2.53639605e-02 
      0.1304154       0.0546689      -0.0714843       5.37444361e-04 -5.22799193e-02  7.30702644e-02 
     -0.0369771      -0.0162216       0.0091870       5.37173660e-03  3.22190953e-02  2.57386942e-02 
      0.0705838      -0.0237090       0.0214373      -4.11903978e-03  4.18435026e-03 -2.12685612e-02 
      0.0081997      -0.0743073      -0.0307412       1.94499840e-02  2.36888917e-02  3.02069066e-02 
# set: 0039 config: 0035  energy: 8.381346e-02 eV/at
     -0.1090322      -0.0308460      -0.0144564       8.42160054e-02  3.21069893e-02 -1.31238575e-02 
      0.1260285       0.1594102      -0.1554862      -2.63947884e-02 -6.77094628e-02  8.20530760e-02 
     -0.0252367      -0.0511103       0.0049465       1.82290393e-02  4.19206508e-02 -1.52003956e-02 
      0.0173781      -0.0810767       0.0873356       5.92572931e-02  4.77965228e-02 -2.15338706e-02 
      0.0868638       0.1503904      -0.1064009      -3.28996035e-02 -9.60106476e-02  5.79027676e-03 
      0.1593632      -0.0429819       0.0261291      -5.81120548e-02  4.09119380e-02  2.17331703e-02 
      0.0087614       0.0162655      -0.1134589       2.93673978e-02  7.11238036e-03  1.19613223e-02 
      0.1846815       0.0274493       0.1252378      -7.36632888e-02 -6.12837013e-03 -7.16797217e-02 
# set: 0040 config: 0035  energy: 8.381346e-02 eV/at
     -0.1090322      -0.0308460      -0.0144564       8.42160054e-02  3.21069893e-02 -1.31238575e-02 
      0.1260285       0.1594102      -0.1554862      -2.63947884e-02 -6.77094628e-02  8.20530760e-02 
     -0.0252367      -0.0511103       0.0049465       1.82290393e-02  4.19206508e-02 -1.52003956e-02 
      0.0173781      -0.0810767       0.0873356       5.92572931e-02  4.77965228e-02 -2.15338706e-02 
      0.0868638       0.1503904      -0.1064009      -3.28996035e-02 -9.60106476e-02  5.79027676e-03 
      0.1593632      -0.0429819       0.0261291      -5.81120548e-02  4.09119380e-02  2.17331703e-02 
      0.0087614       0.0162655      -0.1134589       2.93673978e-02  7.11238036e-03  1.19613223e-02 
      0.1846815       0.0274493       0.1252378      -7.36632888e-02 -6.12837013e-03 -7.16797217e-02 
# set: 0041 config: 0035  energy: 8.381346e-02 eV/at
     -0.1090322      -0.0308460      -0.0144564       8.42160054e-02  3.21069893e-02 -1.31238575e-02 
      0.1260285       0.1594102      -0.1554862      -2.63947884e-02 -6.77094628e-02  8.20530760e-02 
     -0.0252367      -0.0511103       0.0049465       1.82290393e-02  4.19206508e-02 -1.52003956e-02 
      0.0173781      -0.0810767       0.0873356       5.92572931e-02  4.77965228e-02 -2.15338706e-02 
      0.0868638       0.1503904      -0.1064009      -3.28996035e-02 -9.60106476e-02  5.79027676e-03 
      0.1593632      -0.0429819       0.0261291      -5.81120548e-02  4.09119380e-02  2.17331703e-02 
      0.0087614       0.0162655      -0.1134589       2.93673978e-02  7.11238036e-03  1.19613223e-02 
      0.1846815       0.0274493       0.1252378      -7.36632888e-02 -6.12837013e-03 -7.16797217e-02 
# set: 0042 config: 0036  energy: 1.092495e-01 eV/at
     -0.0087372       0.0894920      -0.0958293       4.81480217e-03 -3.84639454e-02  2.38104147e-02 
     -0.1634619       0.0283940      -0.1155469       6.80721161e-02 -1.60017091e-02  3.50441533e-02 
      0.2089995      -0.0114797       0.0552336      -1.59264571e-01  4.53169204e-02 -4.24516960e-02 
     -0.0865144       0.0459766      -0.0296106       6.44677596e-02  3.13207086e-02  5.02702876e-02 
     -0.0969746       0.0197056      -0.1644976       8.89314996e-02 -4.44295679e-02  1.06666615e-01 
     -0.0535249      -0.1102843       0.0204075       3.81361795e-02  5.65323244e-02 -5.52365967e-02 
     -0.0269636      -0.0017240       0.0198138      -1.87216044e-02  2.92815739e-02 -1.31188651e-02 
      0.1053872       0.1386317       0.1538939      -8.64361806e-02 -6.35563050e-02 -1.04984312e-01 
# set: 0043 config: 0037  energy: 7.314876e-02 eV/at
      0.0304510      -0.0444705      -0.0483663      -6.49191094e-03  8.73364502e-03  4.26326117e-02 
      0.0373190      -0.0379420       0.0197278      -1.31268760e-02 -3.31159772e-04  1.93998043e-02 
     -0.1353710       0.0950800       0.0384770       6.59450756e-02 -6.33440802e-02 -4.69557829e-02 
      0.1066073      -0.0184566       0.0940870      -2.50281934e-02  2.29557742e-02 -3.63744347e-02 
     -0.0274548       0.1513671       0.0372707       1.06487928e-02 -8.77998998e-02 -5.75726109e-02 
     -0.0005993      -0.0467115      -0.0518986       3.54640146e-02  1.95459758e-02  7.36507020e-02 
     -0.0386827      -0.0659978      -0.0513235       4.60529872e-03 -7.63177760e-03  5.89472297e-02 
      0.1568212      -0.1420807       0.1787228      -7.20162014e-02  1.07871523e-01 -5.37275196e-02 
# set: 0044 config: 0038  energy: 9.070175e-02 eV/at
      0.0672663      -0.0012819       0.0398212      -5.51052029e-02 -1.33924982e-02 -3.72872136e-02 
      0.0063933      -0.0602367      -0.1172209       9.08341003e-03  8.14017413e-03  6.65131453e-02 
      0.0756587      -0.0214282       0.1520139      -1.36509195e-02 -9.10059370e-03 -1.11213965e-01 
      0.0600756      -0.0228991      -0.0086830      -5.07805860e-02 -1.19648780e-02  1.60371702e-02 
     -0.1311700      -0.0654279      -0.0585343       9.61700488e-02 -4.15294032e-02  4.72131993e-02 
      0.0606291      -0.0168932      -0.0048476      -2.63787144e-02  1.02830433e-02 -1.58224763e-02 
     -0.1271823       0.1122861       0.0498028       8.00838273e-02 -8.08080047e-02 -1.00406858e-02 
      0.0762393      -0.2467772      -0.0330894      -3.94218633e-02  1.38372160e-01  4.46008255e-02 
# set: 0045 config: 0039  energy: 7.950934e-02 eV/at
     -0.2103807      -0.0904411      -0.0030523       7.93515895e-02  5.03686807e-02 -2.19145990e-02 
      0.0537245       0.1175032      -0.1065677      -2.85991016e-02 -4.01940633e-02  3.50547872e-02 
      0.0678809       0.1454942       0.0731522      -3.57996736e-02 -3.88573220e-02 -3.63358446e-02 
      0.0584384      -0.0931665       0.0633507      -6.35172051e-02  9.21781283e-02 -3.70847566e-02 
     -0.0659191      -0.0605685      -0.0159787       1.78689584e-02  2.38570927e-02 -1.92181275e-02 
     -0.0462070       0.0440449      -0.1108197       5.84655964e-02 -4.06015273e-02  7.83849609e-02 
     -0.0802365       0.1018953      -0.0247975       4.30526995e-02  1.61288090e-02  1.65169790e-03 
      0.0968916       0.1728798      -0.0322649      -7.08228635e-02 -6.28797989e-02 -5.38118391e-04 
# set: 0046 config: 0040  energy: 8.683966e-02 eV/at
      0.0197808      -0.0067167      -0.0974348       2.38399183e-02  2.30905786e-02  3.52247395e-02 
     -0.0673752       0.1532484      -0.0479594       5.43940098e-02 -4.51825364e-02 -1.27224368e-03 
      0.0923835      -0.0649339       0.0058077       4.60675374e-03  6.32016899e-02  1.02964527e-02 
      0.0673895       0.1063634       0.0164480      -7.01461296e-02 -6.43513477e-02  8.84389302e-03 
      0.0146683      -0.1531551       0.1691938       2.75611577e-02  1.21422504e-01 -1.17140157e-01 
      0.0843198       0.1544023      -0.1712749      -4.47258333e-03 -8.54108815e-02  8.70704492e-02 
      0.1404775       0.0786039      -0.0000269      -5.48278430e-02  2.07450575e-02  1.97924074e-02 
     -0.0173549       0.0801798      -0.0223789       1.90447159e-02 -3.35150646e-02 -4.28155410e-02 
# set: 0047 config: 0041  energy: 6.589183e-02 eV/at
     -0.0128538       0.0646009      -0.0902710       2.85555782e-02 -2.08026141e-02  2.08657695e-02 
     -0.0831186       0.0489392       0.0285476       5.48374101e-02 -3.39697464e-02 -4.82729840e-02 
      0.1361906       0.0454742       0.1383341      -7.64845780e-02 -1.98655258e-03 -6.89738336e-02 
      0.0184956      -0.0115615      -0.0132711       3.25436198e-02  2.69194456e-02  1.96600786e-02 
      0.0426434      -0.0083079      -0.0802821      -1.35194682e-02  3.19472175e-02  4.79795080e-02 
     -0.0041776      -0.0611460      -0.0281699       6.82462997e-03  6.93623458e-03  2.31251618e-02 
     -0.0412475      -0.1088134      -0.1230679       8.10031186e-03  7.91529269e-02  5.97646449e-02 
      0.0806243       0.1867463       0.0558151      -4.08575038e-02 -8.81969115e-02 -5.41483452e-02 
# set: 0048 config: 0041  energy: 6.589183e-02 eV/at
     -0.0128538       0.0646009      -0.0902710       2.85555782e-02 -2.08026141e-02  2.08657695e-02 
     -0.0831186       0.0489392       0.0285476       5.48374101e-02 -3.39697464e-02 -4.82729840e-02 
      0.1361906       0.0454742       0.1383341      -7.64845780e-02 -1.98655258e-03 -6.89738336e-02 
      0.0184956      -0.0115615      -0.0132711       3.25436198e-02  2.69194456e-02  1.96600786e-02 
      0.0426434      -0.0083079      -0.0802821      -1.35194682e-02  3.19472175e-02  4.79795080e-02 
     -0.0041776      -0.0611460      -0.0281699       6.82462997e-03  6.93623458e-03  2.31251618e-02 
     -0.0412475      -0.1088134      -0.1230679       8.10031186e-03  7.91529269e-02  5.97646449e-02 
      0.0806243       0.1867463       0.0558151      -4.08575038e-02 -8.81969115e-02 -5.41483452e-02 
# set: 0049 config: 0042  energy: 6.662478e-02 eV/at
      0.1757334      -0.0444218       0.0489682      -5.22256893e-02 -5.75817809e-03 -3.46059375e-02 
      0.0964693      -0.0997898      -0.1350180      -3.60602913e-02  2.75416921e-02  3.38632369e-02 
      0.0203190       0.1297926       0.0794165       1.51744686e-02 -4.45439227e-02 -4.50146237e-02 
      0.0907879       0.0079417      -0.1232442      -1.37931915e-02  1.65814983e-02  3.68523840e-02 
      0.0388469       0.0878654       0.0145918       2.98077920e-02 -4.12968922e-02 -6.32889194e-02 
      0.0256692      -0.0937948      -0.2382221       5.30564513e-03  4.62459865e-02  1.07359393e-01 
      0.0530063       0.0032585      -0.0129282       4.03475768e-02 -3.13923277e-02  4.88382498e-02 
      0.0056085      -0.0045535       0.1084010       1.14436893e-02  3.26221437e-02 -8.40037833e-02 
# set: 0050 config: 0043  energy: 5.717522e-02 eV/at
     -0.0345135      -0.0505938      -0.0132301      -3.52915568e-03  1.81547435e-02  9.02095280e-03 
     -0.0635530      -0.0143056       0.0653701       1.80375503e-02 -9.68367061e-03 -1.37809439e-02 
      0.0624735       0.0087808       0.1232655      -3.48369169e-02  3.84371596e-03 -5.64621141e-02 
     -0.0021207      -0.1166169       0.0588600      -4.80953307e-02  7.47353321e-02 -2.03530694e-02 
      0.0079919      -0.0410820       0.0164635      -4.97638863e-02 -2.10059117e-03  1.38903568e-02 
      0.0506796       0.0980794      -0.1154117      -3.16205632e-02 -6.77334879e-02  8.04636685e-02 
     -0.2082624       0.0516170       0.0910789       1.10821480e-01 -1.99480102e-02  4.73578006e-03 
     -0.0452720      -0.0436233       0.0558925       3.89868225e-02  2.73196797e-03 -1.75146304e-02 
# set: 0051 config: 0044  energy: 9.360850e-02 eV/at
     -0.1754460      -0.0894146       0.0049725       2.73271130e-02  4.37033812e-03  6.05464925e-03 
     -0.0507173      -0.1080992       0.2218084       1.62843419e-02 -5.91282220e-03 -1.29846073e-01 
      0.0146609      -0.0297324      -0.0253192      -6.49249485e-02 -2.99456632e-02  5.95497484e-02 
      0.0094943       0.0295516      -0.0875831      -6.16559275e-02 -4.46248125e-02  8.24987030e-02 
     -0.0830019      -0.2348398      -0.1067439       1.39336546e-02  1.03886333e-01  5.45570713e-02 
     -0.1943849      -0.1498231       0.0656165       8.52909809e-02  7.41755393e-02 -5.98951465e-02 
     -0.0494638       0.0840895       0.0732456      -2.87568074e-02 -5.95063539e-02 -3.60730057e-02 
     -0.0801808      -0.0123462       0.0712156       1.25015927e-02 -4.24425591e-02  2.31540529e-02 
# set: 0052 config: 0045  energy: 1.190494e-01 eV/at
      0.0038337       0.1058038       0.0312042       2.80726447e-02 -8.36322529e-02 -2.97657999e-02 
     -0.0058966      -0.0274377       0.1679847       4.40108146e-02 -3.19906140e-02 -9.11023540e-02 
      0.0258970       0.0120002      -0.0714106       6.83811414e-02 -3.71685992e-03  3.73778265e-02 
     -0.1555394      -0.0208818      -0.0389460       7.21880097e-02  1.23675569e-02  1.93157855e-02 
     -0.0282310      -0.1465352      -0.0831629       2.36761350e-02  5.91429204e-02  6.91357272e-02 
     -0.0420238      -0.0577321      -0.1282250       4.25776750e-02  6.66181862e-02  4.27820071e-02 
      0.1972459       0.0872068       0.1293285      -1.54708241e-01 -7.08793319e-02 -6.97662028e-02 
      0.1855201      -0.1408210      -0.0299497      -1.24198179e-01  5.20903949e-02  2.20230104e-02 
# set: 0053 config: 0046  energy: 5.320012e-02 eV/at
      0.0943566       0.0723413      -0.0021923      -2.52349902e-02 -2.76061594e-02  4.44703974e-02 
     -0.0019935      -0.0946996      -0.0322945       5.31960688e-02  5.59566677e-02  3.75084661e-02 
      0.1311944      -0.0936488      -0.0410006      -1.03303790e-02  6.38348348e-02  3.86634317e-02 
      0.0078645      -0.0033122       0.0237729       1.43933790e-02  3.05382025e-02 -1.90840520e-02 
      0.1974670       0.0958509      -0.0490935      -4.81062077e-02 -5.65914905e-02  3.67181653e-02 
      0.0060959       0.1231162       0.0434634      -1.01914234e-02 -5.40435128e-02 -4.46975808e-02 
      0.1027983       0.0693329       0.0962808      -2.84888127e-02 -5.13169079e-02 -5.44378625e-02 
     -0.0029421      -0.0638659       0.0689382       5.47623653e-02  3.92283654e-02 -3.91409652e-02 
# set: 0054 config: 0047  energy: 7.141396e-02 eV/at
      0.0469440      -0.1536709       0.0967711      -5.29895715e-02  6.90374001e-02 -6.93907834e-02 
     -0.0519369      -0.0472536       0.0116944       2.24711165e-02 -1.72759780e-02 -1.72704465e-02 
      0.0629600      -0.1536391       0.0399534      -3.96324853e-02  5.92066615e-02 -6.53921126e-03 
      0.0241995       0.0746570       0.2142233      -1.98509577e-02 -5.30634052e-02 -1.04997664e-01 
     -0.0039574      -0.1659098      -0.0222889      -2.73926950e-03  5.36080355e-02  3.37015281e-02 
     -0.0437421       0.0014103      -0.0611344       2.19131273e-02 -6.53041873e-02  6.12338130e-02 
     -0.0346738      -0.0191587      -0.0579536       2.17398973e-02 -4.07463200e-04  9.84501376e-02 
     -0.0834691       0.0138528       0.0358824       4.90881429e-02 -4.58010635e-02  4.81262684e-03 
# set: 0055 config: 0048  energy: 7.938406e-02 eV/at
     -0.0934562       0.1010763       0.0456433       1.08188448e-01 -1.22662301e-01 -6.40426468e-02 
      0.0791976      -0.0331163      -0.0568450      -4.03879112e-02 -1.21222984e-02  3.70172599e-02 
      0.0315993      -0.0141343       0.0906704      -6.95163925e-03 -1.18664627e-02 -2.22343676e-02 
     -0.0835081      -0.1036298       0.0509694       6.47657192e-02  2.70930248e-02 -1.13961541e-03 
      0.0200158       0.0297071       0.0480656      -5.95218857e-03 -5.67234058e-02 -1.35164566e-02 
      0.0940872      -0.2250694      -0.0785292      -9.68039074e-02  1.41211279e-01  1.14152562e-01 
      0.0682803      -0.0832696       0.0644678      -1.35863928e-02  2.75352338e-02 -4.46926413e-03 
      0.0013935      -0.0155182       0.0843082      -9.27212823e-03  7.53492969e-03 -4.57674717e-02 
# set: 0056 config: 0049  energy: 6.072266e-02 eV/at
      0.0153287      -0.1172476      -0.0760066      -1.80239390e-02  4.52138090e-02  5.19145140e-02 
     -0.0288450       0.0111696       0.0388133      -9.39246490e-03  1.28898393e-02 -1.83530720e-02 
     -0.0630306       0.0568847       0.1673780       3.68872130e-02 -2.61403474e-02 -8.14828341e-02 
     -0.1790450       0.0320710      -0.0069715       6.35053689e-02 -3.66653506e-02  4.36110473e-03 
     -0.0041194      -0.0047404       0.0490921      -6.66959411e-02 -1.61191101e-02 -8.36094044e-03 
      0.1314933       0.0280459       0.0202095      -1.00010175e-01 -2.31442073e-02 -2.11802485e-02 
     -0.0440459      -0.0188514       0.0103278       3.28991271e-02  2.03602889e-02  2.16821891e-02 
     -0.1625537      -0.0449076      -0.0701607       6.08308109e-02  2.36050779e-02  5.14192869e-02 
# set: 0057 config: 0050  energy: 9.606893e-02 eV/at
     -0.0782037      -0.0670913       0.1016903      -1.92305256e-02  5.86376867e-02 -4.18156765e-02 
      0.0543265      -0.0929054       0.0301372      -2.90926842e-02  4.54275130e-02  2.41477224e-03 
      0.0699510      -0.0738972      -0.0416407      -6.53241709e-02  4.07632804e-02  3.70431476e-02 
      0.0413899       0.0658302      -0.0402312      -5.82435882e-02 -2.98777655e-02  4.15797233e-02 
     -0.1699117       0.0871646       0.0290896       1.19160915e-01 -7.89648921e-02  6.71895238e-03 
     -0.1530401      -0.0067166       0.1242887       9.11386431e-02  6.10411642e-02 -6.19441695e-02 
     -0.0427859       0.2129368       0.0278612      -1.06635204e-02 -1.45412945e-01 -4.42013036e-03 
      0.0200780      -0.0980060       0.0231729      -2.77450690e-02  4.83859580e-02  2.04233805e-02 
# set: 0058 config: 0051  energy: 4.276698e-02 eV/at
     -0.0245484      -0.1473401      -0.0113057       3.89545600e-04  4.43788558e-02  2.04833255e-02 
      0.0899033       0.0554245       0.0310363      -1.56226372e-02 -4.81316443e-02 -1.51599133e-02 
     -0.0249110      -0.0649757      -0.0649955       4.19085432e-02  4.00248445e-02  5.79959362e-02 
     -0.1130427      -0.0484953      -0.0840037       6.93563554e-02  1.06948886e-02  5.42656929e-02 
      0.0154183      -0.1060890      -0.0065452      -1.35829919e-02  1.65399321e-02 -1.50949362e-02 
     -0.0013960      -0.0198541       0.0213608       1.54902229e-02  6.47987953e-03 -8.85357485e-03 
      0.1156262       0.0485496       0.0124356      -6.40568656e-02 -5.14372912e-02 -2.09976615e-02 
      0.0027720      -0.0646324       0.1188501      -3.38821720e-02 -1.85494651e-02 -7.26388683e-02 
# set: 0059 config: 0052  energy: 5.073727e-02 eV/at
      0.0078040       0.0180526      -0.0098617       2.35166661e-02  3.29851446e-02  1.64870385e-03 
      0.1886397       0.0850375       0.0282712      -7.67747631e-02 -3.84327218e-04 -4.36937608e-02 
      0.0346020       0.0090547       0.0232877       2.38174455e-02  2.79927308e-02 -1.94904230e-02 
     -0.0531495       0.1054417      -0.0931920       2.90170533e-02 -1.73902570e-02  1.80121374e-02 
      0.0930700       0.0609388       0.0984368      -1.57141742e-02 -2.26209794e-02 -8.70603827e-02 
     -0.0381197       0.0487494      -0.2063287       2.08171173e-02  1.82980692e-02  1.00860648e-01 
      0.0811624       0.1116304      -0.0513434      -1.66465198e-02 -2.09899983e-02  4.23358504e-02 
      0.0088306       0.0584120      -0.0418866       1.19671751e-02 -1.78903827e-02 -1.26127734e-02 
# set: 0060 config: 0053  energy: 7.249957e-02 eV/at
      0.0267302       0.0153168      -0.0359396       1.09486637e-02  2.56397005e-02  2.00761319e-03 
      0.1981551      -0.0419139       0.0399358      -1.25151186e-01  8.74218089e-02 -8.57092379e-02 
      0.0797212      -0.0383000       0.0354153      -1.83000065e-02  3.30186334e-02 -2.39533424e-02 
     -0.0096904      -0.0074290       0.0110893       2.13497271e-02  2.01783086e-02 -1.27428712e-02 
      0.0659976       0.0740904      -0.0414438       8.13991743e-03 -5.52542128e-02  5.09392910e-02 
     -0.0038161      -0.0237480       0.0339719       2.79667458e-02  1.87365580e-02 -3.94362758e-02 
      0.0349845       0.0850041       0.0291551       6.61117530e-03 -2.83416471e-02 -4.58277485e-02 
      0.0258184       0.1437019      -0.2133741       6.84349634e-02 -1.01399149e-01  1.54722572e-01 
# set: 0061 config: 0054  energy: 1.015165e-01 eV/at
     -0.0729738      -0.0366663      -0.1278828       6.94375680e-02  1.11247154e-02  5.51330388e-02 
     -0.0589562       0.0455343       0.0090150       7.75923541e-02 -6.06425808e-02 -4.11763463e-02 
     -0.1043010       0.0417346       0.0684925       8.46474505e-02 -3.27421785e-02 -3.37488059e-02 
     -0.0412750       0.0352454      -0.0981492       7.70454967e-02  3.03945502e-03  6.70297348e-02 
      0.1060472      -0.0476387      -0.1160029      -5.89286338e-02  2.62725790e-02  5.93890882e-02 
      0.0553060      -0.1497466       0.0612020      -9.73267098e-03  5.60709840e-02 -4.67049470e-02 
      0.1659781      -0.0167084       0.0776362      -9.69041888e-02 -5.56281644e-03 -5.94082438e-02 
      0.2071861       0.0174533       0.0521811      -1.43157376e-01  2.43984280e-03 -5.13518835e-04 
# set: 0062 config: 0055  energy: 6.022035e-02 eV/at
      0.1483265       0.0648632      -0.0297322      -6.32971840e-02 -2.83262121e-02 -3.06489935e-03 
     -0.0736491       0.1870625      -0.0044903       2.15938441e-02 -9.07943100e-02 -5.20026936e-03 
     -0.0129894       0.1702603      -0.0739414       2.48406832e-02 -5.73687334e-02  2.10990818e-03 
     -0.1135241       0.1021556      -0.0068798       5.13342712e-02 -2.24069542e-02 -4.75770217e-03 
     -0.0357898       0.0514277      -0.1022239      -1.42615080e-02  2.06422880e-02  6.15836313e-02 
      0.0625847      -0.0296317      -0.0763177      -1.31615965e-02  7.42216931e-02 -9.07044906e-03 
     -0.0593524       0.0448860       0.0896061       2.90800503e-02  6.44739465e-03 -4.67086023e-02 
      0.0844774      -0.0633283      -0.0149951      -3.61285605e-02  9.75848336e-02  5.10838274e-03 
# set: 0063 config: 0056  energy: 6.380279e-02 eV/at
     -0.0301486       0.0490411      -0.0054685       2.97043504e-02 -6.14299245e-02 -1.64913557e-02 
     -0.0126709      -0.0703520      -0.0505379      -7.98922492e-03 -4.97286893e-03  1.05218077e-02 
     -0.0287450      -0.1739245       0.1194081      -2.86865936e-02  7.43119034e-02 -9.91874825e-02 
      0.0484062       0.0969105       0.0283792      -5.48206978e-03 -6.50367103e-02 -4.46248167e-02 
     -0.0133773       0.0739823      -0.0966532       3.98791934e-02 -7.30256851e-02  5.94747176e-02 
      0.0435741      -0.0599459      -0.1277227      -5.48618813e-02  2.74242830e-02  6.44023826e-02 
     -0.0053563      -0.1534775      -0.0136548      -5.47856506e-03  5.12788822e-02  9.80099379e-03 
     -0.0479413      -0.1115069      -0.0422162       3.29147904e-02  5.14501200e-02  1.61037532e-02 
# set: 0064 config: 0057  energy: 7.962711e-02 eV/at
      0.0193717       0.1040189       0.0549640       3.14575759e-02 -7.94716738e-02 -3.61240091e-02 
     -0.0061077       0.1062790       0.0158990       5.65525916e-02 -6.81115069e-02 -5.15189881e-02 
      0.1613255      -0.0944582       0.0664993      -5.90003932e-02  2.86382906e-02 -2.17963782e-02 
      0.1208413      -0.0915073      -0.1136299      -2.87347266e-02  1.15276039e-02  6.68609365e-02 
      0.0370951      -0.1824021      -0.0150878       1.73028719e-02  1.03919192e-01  3.85374979e-03 
      0.0361845      -0.1040287      -0.0557589      -6.66782258e-03  3.73849409e-02  7.44372375e-02 
      0.1375133      -0.0100727      -0.1063468      -2.12819379e-02  1.71318753e-02  5.35873285e-02 
     -0.0220847       0.0806591       0.1125954       1.03718405e-02 -5.10187219e-02 -8.92998765e-02 
# set: 0065 config: 0058  energy: 4.632016e-02 eV/at
      0.0747237      -0.0649391       0.0450585      -6.82324924e-03  1.77381842e-02 -1.89924687e-04 
      0.1094085       0.0441360       0.0159566      -2.36069079e-02 -4.22618083e-02  1.76280218e-02 
      0.0265690       0.0806916      -0.0209928       5.33187185e-02 -3.26812910e-02  4.73673335e-03 
     -0.1078807       0.0153881      -0.1142556       7.78430376e-02  1.75047039e-02  7.24911660e-02 
      0.0751912      -0.0518569       0.0604655      -8.70853362e-03  2.51023549e-02 -3.73240787e-02 
      0.0735596       0.0681493      -0.0743132      -4.78475125e-03 -6.47740122e-03  2.52401596e-02 
      0.0646711       0.0016606       0.1140470      -3.51569531e-03  6.77520449e-03 -3.37569078e-02 
      0.1670141      -0.1022523       0.0849024      -8.37226188e-02  1.43000529e-02 -4.88251695e-02 
# set: 0066 config: 0059  energy: 6.579445e-02 eV/at
      0.0748460       0.0571046       0.0995095      -4.53234965e-02 -4.72574056e-02 -3.49580490e-02 
     -0.1340126      -0.0781369       0.1363452       4.55190110e-02  2.70866991e-02 -5.78447898e-02 
      0.0539059       0.1249013       0.0263086      -4.10032785e-02 -4.15532529e-02 -2.60155255e-02 
     -0.1122793      -0.0767557       0.0540331       3.43537532e-02  4.95120329e-02 -3.41729973e-02 
      0.0024067       0.1265980      -0.1264085      -1.04447373e-02 -5.68333571e-02  8.23399606e-02 
     -0.0228978      -0.0199284      -0.0819265       8.03879391e-04  4.47578153e-02  4.16751430e-02 
      0.0011756       0.0229761      -0.0066916      -1.48950333e-03 -3.86496439e-02  4.89543027e-02 
     -0.0551109      -0.0884919       0.0594320       1.75843721e-02  6.29371125e-02 -1.99780444e-02 
# set: 0067 config: 0060  energy: 1.010452e-01 eV/at
      0.0544017       0.1100724      -0.0792091      -4.55665198e-02 -1.04088865e-01  7.11122743e-02 
     -0.0474965      -0.1028501       0.1108430       1.10472432e-02  3.81090044e-02 -4.82274308e-02 
      0.1160473      -0.0589082       0.0249517      -9.26867271e-02  1.32483297e-02 -1.81336841e-02 
      0.1267158      -0.1683698       0.1520603      -7.83005244e-02  8.24861590e-02 -8.88508611e-02 
     -0.0524077       0.0892571      -0.0357700       6.33654706e-02 -9.86175470e-02  5.45862704e-02 
     -0.0891039      -0.1256739      -0.0184371       9.91727001e-02  2.72179626e-02  4.77430212e-02 
      0.0816263      -0.0330948      -0.0241090      -3.76466585e-02 -3.27057319e-02  2.37564406e-02 
     -0.0815714      -0.0965797       0.0474766       8.06150160e-02  7.43506883e-02 -4.19860302e-02 
# set: 0068 config: 0061  energy: 5.912394e-02 eV/at
     -0.0574470      -0.1406299      -0.1195912       2.78319391e-02  7.51223682e-02  4.70110471e-02 
      0.1653082       0.0034975      -0.0039529      -6.30352233e-02 -2.81025047e-02  6.27064368e-03 
      0.0181060      -0.2088655      -0.0010102      -2.10807550e-04  7.19328310e-02 -1.13444844e-02 
      0.0596978       0.0106250      -0.0515580      -3.85459639e-02 -5.11214451e-02  5.27942600e-02 
     -0.0191381      -0.1055052       0.0997150       1.41699928e-02  1.37092847e-02 -1.02134471e-01 
      0.0806010       0.0096457      -0.0028458      -2.53371417e-02 -3.83919642e-02  1.89124015e-02 
     -0.0953948      -0.0096225      -0.0831883       6.40629536e-02 -2.49130397e-03  2.23363436e-02 
      0.0338053      -0.0183701       0.0227291       2.10642512e-02 -4.06572656e-02 -3.38457405e-02 
# set: 0069 config: 0062  energy: 1.057612e-01 eV/at
     -0.1234358       0.0524266       0.1053980       4.47095286e-02 -2.31489177e-02 -6.28821061e-02 
      0.0788930       0.1968879      -0.0747657      -5.56035154e-02 -1.15416729e-01  4.52249478e-02 
     -0.0889329      -0.1017416      -0.0490460       6.53475570e-02  4.93682702e-02  2.55702148e-02 
     -0.2793493      -0.0369019       0.0480418       1.08010261e-01  2.23596262e-02 -3.99363296e-02 
      0.0992456      -0.0175077       0.0081582      -7.12721819e-02  7.93421119e-03 -1.34543646e-02 
     -0.0614234       0.0851849      -0.1808673      -2.21186312e-02  9.26069617e-03  1.12169795e-01 
     -0.0406411       0.0175946      -0.0023698      -5.75554692e-03  3.12189340e-02 -6.13983291e-03 
      0.0589600      -0.1002321       0.0523031      -6.33174710e-02  1.84239089e-02 -6.05523239e-02 
# set: 0070 config: 0063  energy: 4.703807e-02 eV/at
     -0.0178368       0.1162493      -0.1098088      -8.76011964e-03 -4.00648320e-02  6.17190988e-02 
     -0.0457111       0.0101712       0.0385046       1.96302692e-02 -3.78843269e-03 -2.71033511e-02 
      0.0517920      -0.1106854       0.0999726      -4.86787529e-02  6.29930511e-02 -7.11715998e-02 
      0.0198759      -0.0036071       0.0110123      -3.12236145e-02  2.24756729e-02 -2.74933740e-02 
     -0.0084288       0.0086783      -0.0476541       3.12153920e-02  3.36293365e-03  5.23004992e-02 
     -0.0995358       0.1433031      -0.0130238       5.20481220e-02 -9.03051251e-02  2.04849890e-02 
      0.0065748      -0.0706747      -0.0029945      -2.32183972e-02  5.70847573e-02 -4.51272291e-03 
     -0.0048848       0.0088811      -0.0149827       8.98710079e-03 -1.17580252e-02 -4.22353889e-03 
# set: 0071 config: 0064  energy: 7.262495e-02 eV/at
     -0.0659228       0.0659537       0.0325482       1.86518153e-02 -4.71941600e-02 -1.29482364e-02 
     -0.0201117      -0.2634004       0.0263348       3.03955832e-02  1.03362963e-01  1.15116547e-02 
     -0.1507941      -0.0246562      -0.0815651       6.58204723e-02 -2.57734610e-02  4.74356209e-02 
     -0.1092275      -0.0014351       0.0156379       7.72903118e-02 -3.36046506e-03 -3.35935698e-03 
      0.0458495      -0.0833964      -0.0816226      -2.01687092e-02  2.48262264e-02  4.36958463e-02 
     -0.0326747      -0.0392260       0.1621191      -2.30072883e-02 -2.23862957e-02 -9.92680576e-02 
      0.0311122      -0.0608841      -0.0054054      -8.04586835e-02  8.31527522e-03 -1.79661545e-02 
      0.1121573      -0.0064308       0.0091723      -6.85235021e-02 -3.77900841e-02  3.08986832e-02 
# set: 0072 config: 0065  energy: 1.020137e-01 eV/at
      0.0105319       0.0450240      -0.0650011      -9.00293524e-03 -1.36053146e-03  1.06827526e-02 
     -0.0502632      -0.0608073       0.1116230       6.77780030e-02  2.05609093e-02 -7.73837729e-02 
      0.0054888       0.2258094       0.1950142       3.51039412e-02 -1.03814380e-01 -9.96916618e-02 
      0.0891738       0.1628866       0.0257375      -6.68229069e-03 -6.39402690e-02  1.17258686e-03 
      0.1062116      -0.0951898      -0.0380637      -6.04616892e-02  9.17947241e-02  5.74262445e-03 
      0.0872506      -0.0012875       0.0363550      -4.97991887e-02  8.43024531e-03  1.13090032e-02 
     -0.0363435       0.0552397      -0.2302743       2.76493004e-02  1.32611985e-02  1.35461392e-01 
      0.0463658       0.0433309       0.0518868      -4.58514045e-03  3.50681025e-02  1.27070761e-02 
# set: 0073 config: 0066  energy: 6.978820e-02 eV/at
     -0.0578406       0.0401523       0.0684448       1.63881518e-02  1.71328468e-03 -1.96059190e-02 
      0.0036151       0.0444611      -0.1186921      -1.31771494e-02  1.59657522e-02  2.88916110e-02 
      0.1493716       0.0675418       0.0534138      -9.45125129e-02  1.61635875e-02 -4.37578664e-02 
     -0.0305328      -0.0752489       0.0230964      -2.86594924e-02  7.20181967e-02 -9.17465451e-02 
      0.0175306       0.1641387      -0.0485710       2.43885186e-02 -7.30301105e-02  2.44963385e-02 
     -0.1518871       0.1555134      -0.0894306       9.02381410e-02 -7.17347257e-02  6.62732063e-02 
      0.0934882      -0.0383446      -0.0867104      -3.08494996e-02  4.87894447e-02  4.58795753e-02 
     -0.1439403       0.0229685      -0.0212558       3.61838430e-02 -9.88542952e-03 -1.04304006e-02 
# set: 0074 config: 0067  energy: 7.150808e-02 eV/at
     -0.0546747       0.0298817      -0.0919885       9.41914333e-03  8.79703648e-04  3.66105143e-02 
      0.0648979      -0.1095842      -0.0549857      -7.21548590e-04  1.03608778e-01  1.82075675e-02 
     -0.0084207       0.0620274      -0.0672435      -1.63184280e-02 -2.95998420e-02  1.42956556e-02 
      0.0142330      -0.1642236      -0.0027534       7.58000878e-03  8.38313157e-02 -1.30799164e-02 
      0.0896295       0.0844453      -0.1202576      -6.87636947e-02 -4.63360894e-02  2.51360786e-02 
      0.0626540       0.0898719       0.1474642      -6.28889199e-02 -6.48119963e-02 -9.89288667e-02 
     -0.0608089      -0.0016657      -0.1269126       5.46280249e-02 -7.21750060e-04  6.74254264e-03 
     -0.0955382       0.0529036      -0.0081322       7.70654142e-02 -4.68501193e-02  1.10164245e-02 
# set: 0075 config: 0068  energy: 8.222732e-02 eV/at
      0.0325354      -0.0535389      -0.0381394      -1.03836775e-02  2.64422346e-02 -1.10586904e-02 
     -0.0649984      -0.0378664       0.1447550       1.24586057e-02  4.35675092e-02 -1.11688192e-01 
     -0.0147083       0.1423244      -0.0605941       9.23457743e-03 -4.75590959e-02  6.69009706e-03 
      0.0607571       0.0345301       0.1385720      -3.51314279e-02  2.38133134e-03 -8.10478943e-02 
     -0.0004507      -0.0888182      -0.0857119      -4.37257226e-02  9.34717784e-02  7.13592659e-02 
      0.0458462       0.0979939      -0.0263307       2.27706288e-03 -7.27722752e-02 -7.20664923e-03 
      0.0159184      -0.0079920      -0.0026104      -5.23524501e-03  3.75298239e-02  5.39003458e-03 
     -0.0742660       0.1098093      -0.1716310       7.05058273e-02 -8.30613062e-02  1.27562028e-01 
# set: 0076 config: 0069  energy: 4.482536e-02 eV/at
      0.0421547      -0.0750608       0.1150490      -6.01388998e-02  5.35096218e-02 -6.55160636e-02 
     -0.1029140       0.0254497       0.0081126       1.10546525e-02 -9.62152337e-03  2.40356269e-02 
     -0.0376876       0.0563369       0.0627554      -8.22774548e-03 -1.20223790e-02 -5.39273521e-02 
     -0.0606052       0.0049083       0.0183567      -7.17919953e-03  7.85651419e-03 -1.54293175e-02 
     -0.1483722       0.0335185      -0.0077386       4.55500837e-02  9.66070927e-03  1.50364597e-02 
     -0.0217560       0.1289235      -0.0519395      -3.42641418e-03 -7.60143604e-02  3.39851223e-02 
     -0.1586191      -0.0968645      -0.0382718       6.24015657e-02  3.44663480e-02  5.74794066e-02 
      0.0098168      -0.0100697       0.0108780      -4.00340429e-02 -7.83493046e-03  4.33611779e-03 
# set: 0077 config: 0070  energy: 1.050381e-01 eV/at
      0.0228365      -0.0831264      -0.0708118       2.41908315e-02  3.08400570e-02  7.00683310e-02 
     -0.1323751       0.0804931      -0.0533180       5.77935662e-02 -2.27697284e-02  3.89081765e-02 
      0.0443425      -0.0643694      -0.0375064      -1.10396690e-02  4.24630958e-02  2.75023615e-02 
      0.0257364       0.0107881       0.1510249       6.05774170e-03 -3.65548428e-02 -8.92027376e-02 
     -0.0102936       0.0931893       0.1863535      -2.90497202e-02 -6.55634274e-02 -1.30083932e-01 
      0.0718671       0.0143644      -0.1258592      -1.08808244e-02 -2.57785759e-02  9.97960481e-02 
      0.1309510      -0.0629066      -0.0773665      -7.68049949e-02  3.37284815e-02  1.05030919e-01 
     -0.0704491      -0.0471469       0.1557513       3.97330686e-02  4.36349402e-02 -1.22019167e-01 
# set: 0078 config: 0070  energy: 1.050381e-01 eV/at
      0.0228365      -0.0831264      -0.0708118       2.41908315e-02  3.08400570e-02  7.00683310e-02 
     -0.1323751       0.0804931      -0.0533180       5.77935662e-02 -2.27697284e-02  3.89081765e-02 
      0.0443425      -0.0643694      -0.0375064      -1.10396690e-02  4.24630958e-02  2.75023615e-02 
      0.0257364       0.0107881       0.1510249       6.05774170e-03 -3.65548428e-02 -8.92027376e-02 
     -0.0102936       0.0931893       0.1863535      -2.90497202e-02 -6.55634274e-02 -1.30083932e-01 
      0.0718671       0.0143644      -0.1258592      -1.08808244e-02 -2.57785759e-02  9.97960481e-02 
      0.1309510      -0.0629066      -0.0773665      -7.68049949e-02  3.37284815e-02  1.05030919e-01 
     -0.0704491      -0.0471469       0.1557513       3.97330686e-02  4.36349402e-02 -1.22019167e-01 
# set: 0079 config: 0071  energy: 6.422704e-02 eV/at
     -0.1185405      -0.0936067       0.0376779       5.56578034e-02  6.79668609e-02  2.29357851e-02 
     -0.0179848       0.0306541       0.0330231      -2.28408360e-02  2.41366248e-02 -1.54919844e-02 
     -0.0003691       0.0160246       0.0029984      -1.97476258e-02 -6.64018036e-03  5.65361193e-02 
     -0.1059727      -0.0478130       0.1476746       2.79710008e-02  9.51856329e-04 -5.99461569e-02 
     -0.0167633       0.0862051       0.1004865      -2.82258326e-02 -8.44559405e-02 -1.74087233e-02 
     -0.1041804      -0.0647204       0.1362793       5.61889119e-02  5.67429161e-02 -6.20452767e-02 
      0.1186951       0.0900457       0.0303352      -8.68061265e-02 -4.92524059e-02 -1.17313059e-02 
     -0.1186109       0.0305221      -0.1124773       1.78027048e-02 -9.44973097e-03  8.71515428e-02 
# set: 0080 config: 0072  energy: 1.036083e-01 eV/at
     -0.0094195       0.1080748       0.0482054       4.60858856e-02 -1.06536072e-01 -8.88420828e-02 
     -0.0198875       0.1312712       0.0967912       4.93744982e-02 -7.95952647e-02 -6.77741246e-02 
     -0.0581711       0.0592140      -0.0392990       3.45818082e-02 -3.21429148e-02 -3.21621104e-03 
     -0.0789972      -0.0577674      -0.0111551       7.91588513e-02  2.41642149e-02  2.12222355e-02 
     -0.0296332      -0.0707747      -0.0844279      -3.71900542e-02  4.94811112e-02  3.60322003e-02 
      0.1675648      -0.1656135      -0.0845508      -1.10157357e-01  1.34213642e-01  1.13764681e-01 
      0.0038646       0.0232247      -0.1294514      -9.15165738e-03 -1.08661353e-02  7.68280943e-02 
      0.0888793      -0.0269528       0.1271397      -5.27019747e-02  2.12814179e-02 -8.80147928e-02 
# set: 0081 config: 0073  energy: 5.578372e-02 eV/at
     -0.0617512      -0.1183847      -0.0828490       1.63082931e-02  6.90108489e-02  2.87933462e-02 
      0.1139008      -0.0375906      -0.0806919      -8.72876303e-02 -1.26751466e-02  4.59181183e-02 
     -0.0781690      -0.0676444      -0.0666295       1.50858696e-02  4.29848014e-02  2.70371496e-02 
      0.0159985       0.0135801       0.0725973      -2.53534499e-02  2.19070450e-02 -3.87906475e-02 
     -0.0802050       0.0657444      -0.0416932       3.39915036e-02 -5.29848926e-02  3.12761445e-04 
     -0.1382452       0.0169998      -0.0087017       8.12323362e-02 -3.46298494e-02 -6.82973945e-03 
     -0.0929123      -0.0092229       0.0771254       1.03054589e-02  9.59401961e-03 -7.83148070e-02 
      0.0776510       0.0699749      -0.0184126      -4.42823809e-02 -4.32068263e-02  2.18738192e-02 
# set: 0082 config: 0074  energy: 6.429070e-02 eV/at
     -0.0758544       0.0170884       0.3157798       2.94719825e-02 -2.21800667e-02 -1.33407509e-01 
      0.0332100      -0.0491021      -0.0269051      -1.02078277e-02  1.63399056e-02  1.41788878e-02 
     -0.0426745      -0.0307521       0.0177872       4.47814048e-02  7.04956180e-03  4.48417987e-02 
     -0.0599866      -0.0220140      -0.0428808       1.16112015e-02  7.68567509e-03  2.84196105e-02 
      0.0292468      -0.1203942       0.0821269       1.93656077e-02  4.16771717e-02 -1.74004592e-02 
     -0.1039849      -0.0337643       0.0009203       1.50783670e-02  4.28126531e-02  4.04143259e-02 
      0.0886856       0.1248220       0.0300962      -5.49707680e-02 -8.15438787e-02  3.04957441e-03 
      0.0286849      -0.0144291      -0.0095740      -5.51299677e-02 -1.18410219e-02  1.99037701e-02 
# set: 0083 config: 0075  energy: 9.846548e-02 eV/at
     -0.0215433       0.0223614      -0.0035046      -8.32720706e-04 -2.15656686e-02  1.89588158e-02 
     -0.0354958       0.0521395       0.2280573       5.57542099e-02 -4.19294576e-02 -1.01440213e-01 
     -0.0727566       0.1860267      -0.0249591       4.84375861e-03 -7.63900754e-02  1.56590286e-02 
     -0.0721284      -0.0233135       0.0432988       8.41909971e-02  2.04102616e-02 -9.97466981e-03 
     -0.0399082       0.0410745      -0.2116542      -8.14526883e-03  4.28233396e-02  1.24530664e-01 
     -0.0494716       0.0006123       0.1206557       7.02972553e-02  3.40285422e-02 -5.57170764e-02 
      0.1559829      -0.0581954      -0.0160700      -1.15888107e-01  5.19748593e-02  2.60897279e-02 
      0.0871326       0.0268947       0.1396614      -9.02201246e-02 -9.35180103e-03 -1.81062772e-02 
# set: 0084 config: 0076  energy: 1.039530e-01 eV/at
     -0.0068348      -0.0822926      -0.1945360      -1.06671340e-02  8.72196871e-03  1.30140378e-01 
     -0.1402896      -0.0260577       0.0475037       3.44126621e-02  5.66784761e-03 -2.50139625e-02 
     -0.1172703      -0.0252956       0.2390075       3.13073863e-02  2.52521156e-02 -8.98008151e-02 
     -0.0241703       0.0098370       0.2108295      -2.27150795e-02  5.14023716e-03 -7.84321920e-02 
     -0.0292524       0.0628440       0.0447476      -4.85288745e-02 -8.95024728e-02 -2.45345567e-02 
      0.0263859      -0.0189532      -0.1606684      -1.89510585e-02 -1.08130791e-02  9.87327415e-02 
      0.0248289       0.0863691       0.0610055      -3.14719149e-02 -4.73390690e-02  2.97817460e-02 
     -0.1609205      -0.0829258       0.0787185       6.66140125e-02  1.02872451e-01 -4.08733394e-02 
# set: 0085 config: 0077  energy: 4.788220e-02 eV/at
     -0.0096991      -0.0741773      -0.0051219      -6.08837329e-03  5.10640608e-02 -1.86332284e-02 
      0.0055984       0.1555565      -0.1039215       1.41861882e-02 -8.12471271e-02  2.98091965e-02 
     -0.0535847      -0.0910129       0.0483311       2.23890280e-02  3.15586524e-02 -2.78542680e-02 
      0.0112747      -0.0181276      -0.0168271       1.50694043e-02 -1.01980436e-02 -8.21300317e-04 
      0.0623150      -0.1047654      -0.0111147      -4.39218520e-02  6.39463535e-02 -1.11357880e-02 
      0.0486301       0.0589489       0.0113689      -3.21222909e-02 -6.00415953e-02  1.29970123e-02 
     -0.0408106      -0.0536848      -0.1544457       4.67979826e-02  4.93269688e-02  5.69255945e-02 
      0.0284202       0.0475267       0.0286820      -1.63100868e-02 -4.44092696e-02 -4.12872181e-02 
# set: 0086 config: 0078  energy: 8.635660e-02 eV/at
     -0.1060093       0.0375111       0.0814940       5.47490531e-02 -4.58355394e-02 -6.74294807e-02 
     -0.0235824       0.0081482       0.1439267       6.01234663e-02 -3.33994279e-02 -1.01362704e-01 
     -0.0351902      -0.1084114       0.0559843       1.99531189e-02  5.96638333e-02 -2.18719064e-02 
     -0.0524129      -0.1291276       0.1079313       3.21722598e-02  4.81726239e-02 -4.32915852e-02 
      0.0023138      -0.1082861      -0.1976641      -3.46110073e-02  4.91945836e-02  1.42599110e-01 
      0.0730998      -0.0064890      -0.0147144      -3.92668882e-02  3.98402654e-03  5.12989529e-02 
      0.1093368       0.0938075      -0.0600588      -6.86171198e-02 -4.13995870e-02  1.39864074e-02 
      0.0208293       0.0294064       0.0119506      -2.45028827e-02 -4.03805132e-02  2.60712059e-02 
# set: 0087 config: 0078  energy: 8.635660e-02 eV/at
     -0.1060093       0.0375111       0.0814940       5.47490531e-02 -4.58355394e-02 -6.74294807e-02 
     -0.0235824       0.0081482       0.1439267       6.01234663e-02 -3.33994279e-02 -1.01362704e-01 
     -0.0351902      -0.1084114       0.0559843       1.99531189e-02  5.96638333e-02 -2.18719064e-02 
     -0.0524129      -0.1291276       0.1079313       3.21722598e-02  4.81726239e-02 -4.32915852e-02 
      0.0023138      -0.1082861      -0.1976641      -3.46110073e-02  4.91945836e-02  1.42599110e-01 
      0.0730998      -0.0064890      -0.0147144      -3.92668882e-02  3.98402654e-03  5.12989529e-02 
      0.1093368       0.0938075      -0.0600588      -6.86171198e-02 -4.13995870e-02  1.39864074e-02 
      0.0208293       0.0294064       0.0119506      -2.45028827e-02 -4.03805132e-02  2.60712059e-02 
# set: 0088 config: 0079  energy: 9.419296e-02 eV/at
     -0.1447817       0.1871975      -0.0444191       8.54710852e-02 -5.14351902e-02  2.19925912e-02 
     -0.1985429       0.0177734      -0.0634000       1.22202874e-01  2.85099515e-02  3.20341366e-02 
      0.0341924       0.1862571      -0.0588765      -1.39138848e-02 -9.71600564e-02  2.00227672e-02 
     -0.0834117      -0.0321532      -0.0111654       4.30922871e-02  3.60991229e-02 -1.51879912e-02 
      0.1914532       0.0173944       0.0587535      -1.18560704e-01  2.64044084e-02 -2.50872112e-02 
     -0.0013117       0.1011036       0.0298407      -4.87692413e-02 -2.74141387e-02 -4.25572519e-02 
      0.0232794      -0.0589991      -0.0454282      -2.81123650e-02  6.95083263e-02  2.16055111e-02 
      0.0457606      -0.0070915      -0.0283535      -4.14100506e-02  1.54875765e-02 -1.28225514e-02 
# set: 0089 config: 0080  energy: 5.637770e-02 eV/at
      0.0501392       0.0068918       0.0317561      -2.45034179e-03 -1.40803328e-02 -4.83244195e-02 
     -0.0038430      -0.1034644       0.0396026      -3.25945901e-03  1.02478510e-02 -5.56679193e-02 
      0.0124809      -0.1058831       0.1203427      -9.48382334e-03  1.64419061e-03 -8.98015405e-02 
      0.1515394      -0.0008825      -0.0247104      -6.03291959e-02 -2.34225489e-02 -4.63345084e-03 
      0.0176738      -0.0954806      -0.0503382       3.66047766e-02  4.63629293e-02  2.02714702e-02 
     -0.0383663      -0.0854605      -0.0802541       2.24854874e-02 -2.09975993e-02  5.47164643e-02 
     -0.0830958      -0.1624190      -0.1403553       3.71982713e-02  4.56761117e-02  6.07841582e-02 
      0.1077131       0.0400597      -0.1254493      -2.07657152e-02 -4.54306019e-02  6.26552374e-02 
# set: 0090 config: 0081  energy: 6.213557e-02 eV/at
      0.0528094       0.0181513      -0.0515019      -3.03105131e-02 -2.38103330e-02  1.30891669e-02 
      0.1750679      -0.0947484      -0.1022931      -3.88256302e-02  7.06017098e-02  4.65474100e-02 
     -0.0764419       0.0075390       0.0459647       4.00618784e-02 -1.92900853e-02 -4.20401618e-02 
      0.0042466      -0.1450812       0.1107666       4.52599639e-02  3.05606610e-02 -5.53991565e-02 
     -0.0472915       0.0836495      -0.0583549       2.88478185e-02 -7.24783158e-02  2.91766089e-02 
      0.1483411      -0.0285346       0.1499516      -5.34185340e-02 -1.56686793e-02 -6.08451748e-02 
      0.0691451      -0.0301222      -0.1556018      -1.03960484e-02  1.19089339e-03  4.53120345e-02 
     -0.0000501      -0.0438507      -0.0178825       1.87810645e-02  2.88941492e-02  2.41592723e-02 
# set: 0091 config: 0082  energy: 8.008468e-02 eV/at
     -0.0095943       0.0462510       0.0313900       1.93894874e-02  9.28199598e-03 -4.86972450e-03 
      0.0210783       0.0850641       0.0245775      -2.00117004e-02 -7.53612684e-03 -2.71052830e-02 
      0.0296710       0.1407464       0.0106952       2.00308906e-03 -8.89858055e-02 -2.52733446e-02 
      0.0411580      -0.1201745       0.0289407      -4.89058438e-02  9.17853437e-02 -8.13336114e-02 
      0.0612271       0.1209298       0.0088348      -5.41655899e-03 -2.79490919e-02  1.77991588e-02 
     -0.1962119       0.0931676      -0.0061246       1.47766248e-01 -4.13310227e-02  1.58068251e-02 
      0.0727455      -0.0641692      -0.0266925      -3.45704243e-02  4.42479672e-02 -8.40372751e-03 
      0.0444409       0.0044091      -0.2077160      -6.02542966e-02  2.04867404e-02  1.13379707e-01 
# set: 0092 config: 0082  energy: 8.008468e-02 eV/at
     -0.0095943       0.0462510       0.0313900       1.93894874e-02  9.28199598e-03 -4.86972450e-03 
      0.0210783       0.0850641       0.0245775      -2.00117004e-02 -7.53612684e-03 -2.71052830e-02 
      0.0296710       0.1407464       0.0106952       2.00308906e-03 -8.89858055e-02 -2.52733446e-02 
      0.0411580      -0.1201745       0.0289407      -4.89058438e-02  9.17853437e-02 -8.13336114e-02 
      0.0612271       0.1209298       0.0088348      -5.41655899e-03 -2.79490919e-02  1.77991588e-02 
     -0.1962119       0.0931676      -0.0061246       1.47766248e-01 -4.13310227e-02  1.58068251e-02 
      0.0727455      -0.0641692      -0.0266925      -3.45704243e-02  4.42479672e-02 -8.40372751e-03 
      0.0444409       0.0044091      -0.2077160      -6.02542966e-02  2.04867404e-02  1.13379707e-01 
# set: 0093 config: 0083  energy: 5.520914e-02 eV/at
     -0.0213956       0.2410678       0.0580004       2.57191750e-02 -8.99265040e-02 -4.87533540e-02 
     -0.0394143       0.0715542      -0.0665045      -2.79995123e-03 -1.23707050e-02 -3.96222306e-03 
     -0.1439086      -0.0519613       0.0144771       4.70756676e-02  7.04494589e-03 -1.52244786e-02 
     -0.0314736      -0.0780340      -0.0399362       1.94478351e-02  4.86614596e-02 -1.58983084e-02 
      0.1467272       0.1118374       0.0240889      -8.08121944e-02 -2.79536421e-02 -1.92046317e-02 
     -0.0616344      -0.0611001      -0.0616069      -4.64531913e-02  5.82582154e-02  7.42940721e-02 
     -0.0442360      -0.0014899      -0.1539933       1.57651970e-02 -3.55501072e-05  4.75492087e-02 
     -0.0661497       0.0488543      -0.0595906       2.20574626e-02  1.63217807e-02 -1.88002855e-02 
# set: 0094 config: 0084  energy: 6.202430e-02 eV/at
     -0.0141410       0.2292216      -0.0518431       2.32037471e-02 -8.22659177e-02  3.83047962e-03 
      0.0008024      -0.0505093      -0.0947337       1.05116471e-02  4.67341485e-02  5.38690772e-02 
     -0.0634616       0.0806615      -0.0593813       4.81468167e-02 -5.91956277e-02  2.51998777e-03 
     -0.0025153      -0.0730966      -0.0743901       2.60826388e-02  6.71774165e-02  3.77106734e-02 
      0.0240671       0.0651423      -0.0276927       3.75563510e-03 -7.72396176e-03  1.78908490e-02 
      0.0154698       0.0112078       0.0720993      -1.47208225e-02  7.41040844e-03 -7.40434995e-02 
     -0.0198748      -0.0075165       0.0640096      -6.91905674e-03  1.60450489e-02 -8.53104072e-02 
      0.1611016       0.0335320      -0.1045615      -9.00606051e-02  1.18184844e-02  4.35328396e-02 
# set: 0095 config: 0084  energy: 6.202430e-02 eV/at
     -0.0141410       0.2292216      -0.0518431       2.32037471e-02 -8.22659177e-02  3.83047962e-03 
      0.0008024      -0.0505093      -0.0947337       1.05116471e-02  4.67341485e-02  5.38690772e-02 
     -0.0634616       0.0806615      -0.0593813       4.81468167e-02 -5.91956277e-02  2.51998777e-03 
     -0.0025153      -0.0730966      -0.0743901       2.60826388e-02  6.71774165e-02  3.77106734e-02 
      0.0240671       0.0651423      -0.0276927       3.75563510e-03 -7.72396176e-03  1.78908490e-02 
      0.0154698       0.0112078       0.0720993      -1.47208225e-02  7.41040844e-03 -7.40434995e-02 
     -0.0198748      -0.0075165       0.0640096      -6.91905674e-03  1.60450489e-02 -8.53104072e-02 
      0.1611016       0.0335320      -0.1045615      -9.00606051e-02  1.18184844e-02  4.35328396e-02 
# set: 0096 config: 0085  energy: 6.698615e-02 eV/at
     -0.1149283      -0.0326390      -0.1452778       5.66698319e-02  9.02027021e-03  8.27460719e-02 
     -0.0921055      -0.1011146      -0.1277447       8.10625266e-02  8.41801998e-02  7.30549589e-02 
     -0.0727647       0.0359267       0.0697946       2.67627759e-02 -5.90647551e-03 -2.68588534e-02 
      0.0513617       0.0016758      -0.0029732      -1.75383249e-02 -1.53417123e-02 -9.38069680e-03 
      0.0094398      -0.0158629       0.0170713      -3.72536086e-02 -7.65157689e-03 -6.12317874e-02 
      0.0947414       0.0751600      -0.0074231      -8.98769042e-02 -9.43011647e-02 -3.20012495e-02 
      0.1273947      -0.0447062      -0.0343460      -5.73506385e-02  3.26012756e-02  1.55672937e-02 
     -0.1178326       0.0075595       0.0599990       3.75243418e-02 -2.60081610e-03 -4.18957374e-02 
# set: 0097 config: 0086  energy: 8.051671e-02 eV/at
     -0.0378404      -0.0243655       0.0476299      -2.51613565e-02  5.49092038e-02 -5.78146412e-02 
     -0.0509592       0.0028730      -0.0420466       4.70349801e-02  1.69568380e-02  4.03767782e-03 
     -0.0598773      -0.1315170      -0.0075435       4.13361057e-02  6.42911331e-02  2.48056349e-02 
     -0.0203660      -0.0068675       0.0522601      -7.18352802e-03  5.95116722e-03 -2.26488118e-02 
      0.1155005      -0.0728182      -0.0318843      -9.73998585e-02  6.66290912e-03  4.51798481e-02 
      0.0659595       0.0338451       0.0879729      -9.29131781e-02 -2.13224664e-02 -5.19832428e-02 
     -0.1117227       0.2415158      -0.0289800       7.30749663e-02 -1.39563692e-01 -3.58189024e-04 
     -0.0903860      -0.0209033      -0.1025185       6.12118691e-02  1.21149066e-02  5.87817237e-02 
# set: 0098 config: 0087  energy: 9.387702e-02 eV/at
     -0.0196038      -0.0306207       0.0526211       1.01443094e-02 -4.15831366e-02 -2.64746269e-02 
     -0.0940256       0.0555573      -0.0353926       4.49164308e-02 -3.55169355e-02  4.40476124e-02 
      0.0253275       0.0266634      -0.0317842       4.09435660e-03 -1.53104067e-02  3.76156726e-02 
     -0.0511054      -0.1667976      -0.1022725       3.81029517e-02  6.87161341e-02  9.91485875e-02 
     -0.0407424      -0.1117477       0.0730160      -2.25183114e-02  1.90155253e-02 -3.69087255e-02 
      0.1867179      -0.0767742      -0.0286608      -1.10575176e-01  5.20145169e-02  3.36831150e-02 
     -0.1008736       0.1034643       0.1296576       5.90992846e-02 -6.85544005e-02 -2.85609452e-02 
      0.0335195      -0.1269273       0.1991968      -2.32638458e-02  2.12187028e-02 -1.22550691e-01 
# set: 0099 config: 0088  energy: 9.530147e-02 eV/at
      0.0115464       0.0379672       0.1090130      -1.87096322e-02 -4.87349137e-04 -5.52110259e-02 
      0.0802803       0.0518023      -0.0690614       3.60308417e-02  4.41499832e-03  2.81686125e-02 
     -0.0397635       0.1066567       0.1056848       8.66663943e-02 -7.71955471e-02 -9.52571310e-02 
      0.1182920      -0.1580358      -0.1038352      -4.93641198e-02  8.35318618e-02  5.54616366e-03 
      0.0656262      -0.1076173      -0.0954244      -1.66294894e-02  6.68334245e-02  4.77477235e-02 
      0.0771957       0.2683560       0.0248765      -1.95571835e-02 -1.23179902e-01 -6.69848140e-03 
      0.0218932       0.1034808      -0.0588916       4.41847489e-02 -2.76818417e-02  9.04386514e-03 
      0.0684705      -0.1441138      -0.0508758      -6.26215592e-02  7.37643548e-02  6.66602740e-02 
# set: 0100 config: 0089  energy: 7.807107e-02 eV/at
     -0.0118132      -0.0326375      -0.0883789      -1.57539882e-02  2.41810859e-02  5.71324831e-02 
      0.1010111      -0.0396852       0.1385225      -7.34659094e-02  2.61424018e-02 -6.98558674e-02 
     -0.0165866       0.0900568      -0.1125988      -2.88316951e-02 -3.12138207e-02  7.59647218e-02 
      0.0827373       0.0766014      -0.0496248      -6.32709878e-02  1.19435187e-02  2.59296939e-02 
      0.0220695       0.0353531      -0.0189022      -5.49280758e-03 -4.78126481e-03 -3.97347597e-02 
     -0.2281899      -0.0384401      -0.1092128       1.20056170e-01  3.47789309e-02  2.41018156e-02 
     -0.0889165       0.0776162       0.1020132       2.01955277e-02 -3.44410324e-02 -3.24314586e-02 
     -0.0577873       0.0810771       0.1310998       4.65636902e-02 -2.66098198e-02 -4.11066291e-02 
