
&general
  PREFIX = 3C-SiC
  MODE = optimize
  NAT = 64
  NKD = 2
  KD = C Si
/

&optimize
  DFSET = ../calc/DFSET.dat
  
/


&interaction
  NORDER = 2  # 1: harmonic, 2: cubic, ..
/

&cell
    1.8897259890 # factor 
    8.7433155800   0.0000000000   0.0000000000
    0.0000000000   8.7433155800   0.0000000000
    0.0000000000   0.0000000000   8.7433155800 # cell matrix
/

&cutoff 
  C-C None 14
  C-Si None 14
  Si-Si None 14
/

&position
  1   0.1250000000   0.1250000000   0.1250000000
  1   0.1250000000   0.3750000000   0.3750000000
  1   0.3750000000   0.1250000000   0.3750000000
  1   0.3750000000   0.3750000000   0.1250000000
  1   0.1250000000   0.1250000000   0.6250000000
  1   0.1250000000   0.3750000000   0.8750000000
  1   0.3750000000   0.1250000000   0.8750000000
  1   0.3750000000   0.3750000000   0.6250000000
  1   0.1250000000   0.6250000000   0.1250000000
  1   0.1250000000   0.8750000000   0.3750000000
  1   0.3750000000   0.6250000000   0.3750000000
  1   0.3750000000   0.8750000000   0.1250000000
  1   0.1250000000   0.6250000000   0.6250000000
  1   0.1250000000   0.8750000000   0.8750000000
  1   0.3750000000   0.6250000000   0.8750000000
  1   0.3750000000   0.8750000000   0.6250000000
  1   0.6250000000   0.1250000000   0.1250000000
  1   0.6250000000   0.3750000000   0.3750000000
  1   0.8750000000   0.1250000000   0.3750000000
  1   0.8750000000   0.3750000000   0.1250000000
  1   0.6250000000   0.1250000000   0.6250000000
  1   0.6250000000   0.3750000000   0.8750000000
  1   0.8750000000   0.1250000000   0.8750000000
  1   0.8750000000   0.3750000000   0.6250000000
  1   0.6250000000   0.6250000000   0.1250000000
  1   0.6250000000   0.8750000000   0.3750000000
  1   0.8750000000   0.6250000000   0.3750000000
  1   0.8750000000   0.8750000000   0.1250000000
  1   0.6250000000   0.6250000000   0.6250000000
  1   0.6250000000   0.8750000000   0.8750000000
  1   0.8750000000   0.6250000000   0.8750000000
  1   0.8750000000   0.8750000000   0.6250000000
  2   0.0000000000   0.0000000000   0.0000000000
  2   0.0000000000   0.2500000000   0.2500000000
  2   0.2500000000   0.0000000000   0.2500000000
  2   0.2500000000   0.2500000000   0.0000000000
  2   0.0000000000   0.0000000000   0.5000000000
  2   0.0000000000   0.2500000000   0.7500000000
  2   0.2500000000   0.0000000000   0.7500000000
  2   0.2500000000   0.2500000000   0.5000000000
  2   0.0000000000   0.5000000000   0.0000000000
  2   0.0000000000   0.7500000000   0.2500000000
  2   0.2500000000   0.5000000000   0.2500000000
  2   0.2500000000   0.7500000000   0.0000000000
  2   0.0000000000   0.5000000000   0.5000000000
  2   0.0000000000   0.7500000000   0.7500000000
  2   0.2500000000   0.5000000000   0.7500000000
  2   0.2500000000   0.7500000000   0.5000000000
  2   0.5000000000   0.0000000000   0.0000000000
  2   0.5000000000   0.2500000000   0.2500000000
  2   0.7500000000   0.0000000000   0.2500000000
  2   0.7500000000   0.2500000000   0.0000000000
  2   0.5000000000   0.0000000000   0.5000000000
  2   0.5000000000   0.2500000000   0.7500000000
  2   0.7500000000   0.0000000000   0.7500000000
  2   0.7500000000   0.2500000000   0.5000000000
  2   0.5000000000   0.5000000000   0.0000000000
  2   0.5000000000   0.7500000000   0.2500000000
  2   0.7500000000   0.5000000000   0.2500000000
  2   0.7500000000   0.7500000000   0.0000000000
  2   0.5000000000   0.5000000000   0.5000000000
  2   0.5000000000   0.7500000000   0.7500000000
  2   0.7500000000   0.5000000000   0.7500000000
  2   0.7500000000   0.7500000000   0.5000000000
/

