# set: 0001 config: 0000  energy: 8.141105e-02 eV/at
      0.0238161      -0.0952101       0.0976358      -1.81630866e-02  4.81471963e-02 -3.53750011e-02 
     -0.1238688       0.0850518      -0.1754286       5.88813389e-02 -2.11203023e-03  7.76478031e-02 
     -0.0474837       0.0225243      -0.0080784       4.94453312e-02  4.56729535e-02  2.19614933e-02 
     -0.0013643       0.0141291      -0.0743019      -8.89059942e-04 -1.37837477e-03  2.75195250e-02 
     -0.0329768       0.0249366      -0.0215061       2.33303616e-02  1.14540094e-02  3.67852276e-02 
      0.0505622      -0.0092028      -0.0260205       1.25212897e-03  9.21780719e-03  6.01850002e-02 
     -0.0802923      -0.1757623       0.0929916       5.61877066e-02  5.42440142e-02 -1.79405223e-02 
      0.0044722       0.1758008       0.1488818       2.64630746e-03 -4.90524097e-02 -6.42885914e-02 
      0.1936378      -0.0292562       0.0803516      -9.70921331e-02  8.63898651e-02 -9.93156956e-02 
     -0.0733061      -0.1816675      -0.0621526       6.12989562e-02  1.12398163e-01  5.21652900e-02 
     -0.1290104      -0.0155308      -0.0145615       6.60918063e-02  3.81597845e-03  1.74951855e-03 
      0.0403935       0.0300254       0.0971207      -3.03713403e-02  3.15384058e-02 -2.60557281e-02 
     -0.2271826       0.0341610       0.0542536       9.76056149e-02  2.17705025e-02  1.44995657e-02 
     -0.0839123      -0.0137900       0.0241538       4.85579122e-02  2.48255477e-02 -1.20730623e-02 
      0.0629812       0.1334975      -0.0090671      -4.84305556e-02 -3.53369855e-02  3.60928913e-02 
     -0.0156146       0.1046456      -0.0221377       1.72901369e-02 -3.57696686e-02 -6.90501919e-03 
      0.1009496      -0.0415058       0.0843350      -5.66721232e-02  2.08622049e-02 -6.72962157e-02 
      0.1073319      -0.0549295       0.0059226      -4.24699948e-02  2.19911805e-02  2.39331550e-02 
     -0.1394695       0.0659765      -0.1755915       6.14779992e-02 -5.17776327e-02  6.48829463e-02 
     -0.0546846      -0.1677678       0.0773027       1.63260668e-02  1.16049685e-01 -7.20328063e-02 
      0.0658568      -0.1156717       0.0829031      -3.42234091e-02  7.19941844e-02 -4.12298711e-02 
      0.1103241       0.0824756      -0.1701913      -4.85810350e-02 -6.90732606e-02  1.06665243e-01 
     -0.0887996       0.1509596       0.0749125       1.10429817e-01 -9.76752380e-02 -3.19223857e-02 
      0.0748127      -0.1158136      -0.0350072       5.31371957e-02  8.91398098e-02  7.13623016e-02 
      0.0085070      -0.0921941       0.1119924      -1.71348915e-02  5.88071875e-02 -4.16998779e-02 
      0.0105397       0.0966422      -0.0064187      -7.33292303e-03 -4.45042175e-02 -2.40968839e-02 
      0.1055321      -0.0163844       0.0255626      -8.16380503e-02  5.33123601e-02 -5.36243900e-02 
     -0.1447671      -0.0164698      -0.0681796       1.37467068e-01 -3.92008092e-02 -3.19374493e-02 
     -0.0719640      -0.0573205      -0.0577517       3.94009190e-02  2.60996108e-02  3.91817742e-02 
     -0.0071754       0.0337164       0.0531024       3.96463284e-02 -7.04120236e-03 -3.57776325e-02 
     -0.0926030       0.0858998      -0.0350663       3.28161938e-02 -1.52836711e-02  2.83263630e-02 
     -0.0301006       0.0233170       0.0522107      -3.55849444e-03 -1.36516772e-02  2.45932898e-02 
      0.1080472      -0.0622209       0.0059604      -6.10283355e-02  4.65223671e-02  2.52159031e-02 
     -0.0825798       0.0795078      -0.0258956       3.24068373e-02 -6.53112286e-02  2.87408699e-02 
      0.0513705       0.1583528       0.0980347      -4.45092574e-02 -9.79648160e-02 -2.40231148e-02 
      0.0524764      -0.0891759       0.0295685      -1.88071969e-02  9.76350249e-03  9.28732365e-03 
      0.0095130      -0.0663669       0.1686084      -2.77847605e-02  2.06158558e-02 -1.08230132e-01 
      0.0647959       0.0091271       0.2287634      -2.66936799e-02 -8.79133854e-04 -1.06611275e-01 
      0.0169832       0.0931445      -0.0665942      -1.72464572e-02 -4.12460560e-02  1.27280224e-02 
      0.1422848       0.0087424       0.0468715      -7.90938842e-02  5.90841067e-02 -4.77745439e-03 
      0.1116528       0.1754838      -0.0990830      -4.09272408e-02 -6.09588042e-02  5.71438654e-02 
      0.0725499       0.0601311      -0.0626263      -5.66702788e-02 -5.83988464e-02 -2.04931124e-03 
     -0.0716969       0.1049202       0.0088751       4.70040459e-02 -9.33177519e-02  1.23576670e-02 
     -0.0154391       0.1713080       0.0284261       4.58272523e-02 -5.07860140e-02  5.60676333e-03 
     -0.0082668       0.1967598      -0.0336743       7.98994096e-03 -1.13346371e-01  1.35795432e-02 
     -0.0096572       0.0541418       0.1274129      -3.97734941e-02 -8.52161659e-03 -6.53762058e-02 
     -0.1392724       0.0531056       0.0600714       5.43265267e-02  3.74694459e-02 -2.82405925e-02 
      0.0829277       0.0093790      -0.0695740      -6.38059865e-02  4.96929148e-03  5.61706700e-02 
      0.1176765      -0.1235412       0.0525451      -4.61898308e-02  6.81229332e-02  2.03923416e-02 
     -0.0198423       0.0899175      -0.0090831       3.91783511e-02 -3.42998090e-02 -2.79421750e-03 
      0.0812485      -0.1368577      -0.2489150      -5.88832778e-02  9.51297145e-02  1.58498196e-01 
      0.1370791      -0.0726661       0.0140936      -1.08985997e-01  6.88081238e-02  4.16605944e-02 
     -0.0159997       0.0710710      -0.0914588       3.93648329e-02 -1.50021083e-02  4.46389437e-02 
      0.0219038       0.0289310      -0.0140413       1.27158482e-03 -2.03481960e-02  1.62072971e-02 
      0.1051841       0.1266916       0.0363731      -3.61584997e-02 -5.25101699e-02  3.99005469e-03 
      0.1983025       0.0570289       0.1325726      -9.08905228e-02 -8.39756817e-02 -8.46650597e-02 
      0.0632767      -0.0453693       0.0149475      -2.79585727e-03  2.90784160e-02 -2.96415443e-02 
     -0.1011834       0.0760061       0.0104616       5.28986553e-02 -4.64019215e-02  2.64225209e-02 
     -0.0155371      -0.0231855      -0.0109913       4.49060660e-02 -1.17007716e-02  2.38044538e-02 
     -0.0213926       0.1142383      -0.0211302      -3.38709375e-02 -8.63321459e-02  8.02745365e-03 
      0.0627026       0.0586366      -0.1226516      -3.26660458e-02 -3.50293794e-02  3.16832798e-02 
      0.0660568       0.0029697       0.0923606      -1.87060115e-02  1.88620788e-02 -6.59082676e-02 
      0.0669823      -0.0795340       0.0406151       1.02583663e-02  4.13772884e-02 -8.16618331e-02 
     -0.1136658      -0.0456126       0.0251018       4.33229998e-02  3.06542076e-02 -1.81570114e-02 
# set: 0002 config: 0001  energy: 6.713049e-02 eV/at
      0.0251904      -0.1129659      -0.0111879       1.73969868e-02  9.13295378e-02  2.46911805e-02 
     -0.1214699      -0.0049836      -0.1040671       6.35698482e-02  1.82952925e-02  3.67444532e-02 
     -0.0221443       0.0707385      -0.0587209       2.79834161e-02 -3.80186902e-02  4.89209058e-02 
      0.1460652       0.0655461       0.0549091      -7.79362368e-02 -6.68713973e-02  2.99416890e-02 
      0.0137791       0.0425479      -0.0062529      -7.81002637e-03  2.88203191e-02  5.28215016e-03 
     -0.1808814       0.0384804       0.0670230       8.83949965e-02 -3.96576967e-02 -1.72625884e-02 
      0.0316621      -0.0362858      -0.0070820      -4.30857627e-02  5.27330042e-02 -1.20683480e-03 
      0.1222908       0.0671759       0.0705893      -9.25020928e-02 -1.17498166e-02 -4.34300098e-02 
      0.0171448      -0.0611830      -0.0150598       6.30820888e-03  2.37708764e-03  5.17710693e-03 
      0.0007735      -0.0718103      -0.0262277      -2.88608390e-04  7.11327507e-02  1.51351500e-02 
      0.0211601       0.0157490       0.0183477      -4.53543106e-02 -2.91385945e-02  6.23110334e-02 
     -0.0850056       0.0635984       0.0768505       3.46195134e-02 -1.72365774e-02 -2.81242280e-02 
     -0.0959853      -0.0064496      -0.0044466       6.95028435e-02  1.55774057e-03 -2.95200113e-04 
     -0.1026619       0.1258778      -0.0968007       4.59513025e-02 -4.06315957e-02  2.03653178e-02 
      0.0229683       0.0050030       0.0435068      -3.44892728e-02  1.04292011e-02 -1.33399581e-02 
      0.0159111      -0.0658974      -0.0094276      -3.70081758e-02  4.71645163e-02 -4.15983277e-03 
      0.0763831       0.0939022      -0.1404338      -8.28084155e-02 -8.15726834e-02  9.28961357e-02 
      0.0269597       0.1621851       0.0600076      -1.88253471e-02 -1.11746822e-01  2.76484996e-03 
      0.1115171      -0.0229250      -0.0019942      -7.16131157e-02  3.46107985e-02  1.51615220e-03 
     -0.0260380       0.0317355       0.0164374       2.57585102e-02 -7.64667082e-02 -1.28648924e-02 
     -0.0024277       0.0109026      -0.0456818       5.22330850e-03 -2.71875496e-04  3.08285697e-02 
      0.0189068      -0.0502513      -0.0563980       1.58868876e-03  1.19829967e-02  2.48845753e-02 
     -0.0348625      -0.0736338      -0.1329959       1.10215904e-02  8.89141580e-03  1.19448524e-01 
      0.0177873      -0.1339734       0.0613263       1.26789924e-02  3.78882007e-02 -1.69010713e-02 
      0.0307465       0.1022379       0.0076743      -2.10635313e-02 -5.88483356e-02  1.81500055e-02 
     -0.0475728      -0.0542274       0.0806267      -4.58988239e-03  5.54932254e-02 -2.92752389e-02 
     -0.0959508      -0.0366071      -0.0491118       6.44912573e-02  1.29977781e-02  3.77656903e-02 
      0.1033766       0.0371713      -0.0016641      -2.53621998e-02  7.14836569e-03 -5.04783092e-03 
      0.0156488      -0.0923262      -0.0207992       1.03312790e-02  6.68911527e-02  1.64822709e-02 
     -0.1546278       0.0015494      -0.1001444       7.09796445e-02  2.56596596e-02  4.26692625e-02 
      0.0365727      -0.0612487      -0.1527989       1.60689052e-02  2.43490052e-02  7.74198274e-02 
     -0.0219533      -0.1213917       0.0645155       3.05152533e-03  5.43257585e-02 -2.97386104e-02 
      0.1347420       0.1188094       0.0129816      -8.86501578e-02 -9.23908133e-02 -2.81453252e-02 
      0.0131484      -0.0918152      -0.0070883      -2.88979515e-03  3.88883410e-02 -2.00285173e-02 
      0.1097465       0.1312468      -0.0119222      -6.38602504e-02 -8.56472252e-02  1.72673506e-02 
     -0.1078599       0.0720531       0.0650383       6.44783978e-02 -5.02126294e-03 -1.13485430e-02 
     -0.0773457       0.1334561       0.0760559       3.99076345e-02 -1.01007512e-01 -3.76581127e-03 
     -0.0846504      -0.0454340       0.2442462       2.75663010e-02  3.52079483e-02 -1.23956562e-01 
     -0.0546177       0.1207604      -0.0281334       3.27538727e-02 -6.04442531e-02  1.64470168e-03 
      0.0178513       0.0026559      -0.1133976      -2.66646955e-02  5.09762374e-02  4.93512631e-02 
      0.0225085      -0.0807365       0.0133832      -5.70058562e-02  6.53305227e-02  2.15142845e-02 
      0.0889952      -0.1078391       0.0438781      -5.40308812e-02  4.30029593e-02 -2.97295404e-02 
      0.0895979       0.0574091       0.0843841      -3.03763032e-02 -4.31793568e-02 -3.79857888e-02 
     -0.0879180       0.0187935      -0.0021884       1.98376417e-02  2.44590397e-02 -1.29565853e-02 
      0.0033802       0.0794051       0.0297230      -4.30647647e-02 -6.94688818e-02 -1.84297290e-02 
      0.0389725      -0.0507754      -0.0178225      -2.36391532e-02  3.72055942e-02  1.49121578e-02 
     -0.0251830       0.0263476       0.0542165       2.00386577e-03 -2.66265375e-03 -1.01250963e-02 
     -0.0749470       0.0539327      -0.0346124       2.68869740e-02 -1.50231716e-02  2.48763450e-02 
     -0.0273759       0.0441589      -0.0160142      -1.02831922e-03 -4.79258027e-02 -3.93570760e-03 
      0.0395435      -0.2022426       0.0420722       2.44294777e-02  1.40363288e-01 -2.71203357e-02 
     -0.0569269       0.2429030      -0.0060727       4.05229443e-02 -1.45444768e-01  5.84354689e-03 
     -0.0129019      -0.1514509       0.0820037       4.73158964e-02  1.33076113e-01 -1.18874524e-01 
      0.0482939       0.0422056       0.1233734      -2.77244530e-02 -5.40582695e-02 -4.98910982e-02 
     -0.0545743       0.0273366      -0.0703849       5.42640625e-02 -1.16175948e-02  5.61380941e-02 
      0.0435684       0.0174286       0.0095611      -5.56246908e-02 -5.90803850e-02 -2.81324237e-02 
     -0.0222572      -0.0584917       0.0389078       2.45017960e-02  5.42639003e-02 -1.39131486e-02 
     -0.0797114      -0.0446264       0.0573452       9.79078576e-02  3.78383011e-02 -3.90999124e-02 
     -0.1679090      -0.0886706       0.1101382       1.00676220e-01  6.95597941e-02 -6.76252188e-02 
      0.1164558      -0.1531069       0.0975113      -6.96436107e-02  8.15184507e-02 -5.25301816e-02 
      0.0173673      -0.0448049      -0.0464793       9.32600782e-04  3.50498652e-02  6.92509306e-03 
      0.0175925       0.0587114       0.1000656      -4.66208407e-05 -1.44202352e-02 -3.89902513e-02 
      0.0005248       0.0421714      -0.0560253      -8.18989714e-03 -4.96951236e-02  1.09289119e-02 
      0.1042506       0.0681526      -0.0776743      -5.18903111e-02 -8.17118015e-02  1.77856261e-02 
      0.0016533      -0.0232193      -0.0111836      -1.18396205e-02  1.91741417e-04 -2.35162853e-03 
# set: 0003 config: 0002  energy: 6.937036e-02 eV/at
      0.0871758      -0.1008147       0.0999544      -5.37243619e-02  7.59294354e-02 -5.35829969e-02 
      0.0787867      -0.0609977       0.0888923      -4.85206457e-02  3.95625068e-02 -3.43629185e-02 
     -0.0455261      -0.0429872      -0.0411905       2.18047119e-02 -2.33470875e-02  1.78623652e-02 
      0.1682156      -0.0524577       0.1031622      -6.64578371e-02  5.87419630e-02 -4.68281510e-02 
      0.0697967       0.1108780       0.0469093      -1.52326669e-02 -7.71797289e-02  1.28794278e-03 
     -0.0268624      -0.0418714      -0.0068850       1.45531026e-02  3.56006820e-02  2.89842802e-03 
     -0.0692873      -0.2191640       0.1081387       2.63147026e-02  1.37182666e-01 -6.58279371e-03 
     -0.0010716      -0.0624316      -0.1037977      -1.59010986e-02  3.13936765e-02  3.99276878e-02 
      0.0409688      -0.0192317       0.0490530      -1.00348490e-02 -1.30996651e-02 -2.67180442e-02 
      0.0010157       0.0283548      -0.2191037      -3.62479932e-02 -5.83698616e-02  1.26694783e-01 
      0.0128483       0.1349140      -0.0254833       1.89014510e-02 -3.96232488e-02 -6.92273999e-03 
      0.0543565       0.0829728      -0.0188967      -4.85879235e-02 -5.11172885e-02  2.79650108e-02 
      0.1408050       0.1080025      -0.1589662      -8.96015567e-02 -5.15625192e-02  7.35454725e-02 
      0.0741896      -0.0678973      -0.1416687      -4.12052315e-02  3.52324619e-02  5.21541527e-02 
      0.1200019      -0.0297078       0.0555290      -5.25169479e-02  1.27053418e-02 -4.02520691e-03 
      0.1865777       0.0380401       0.0884197      -8.67520703e-02 -2.09374430e-02 -4.66951870e-02 
      0.1294996       0.1268947       0.0191616      -1.17826142e-01 -1.25065378e-01  4.51760820e-02 
      0.0494655      -0.1222441      -0.0059139      -2.95629784e-02  7.96155665e-02 -7.41131039e-03 
      0.0075508       0.1018560       0.0456953      -7.69340018e-03 -6.52408616e-02  1.70850016e-02 
     -0.0276857      -0.1522491      -0.0769565       3.45884874e-02  5.33312069e-02  1.99795663e-02 
     -0.0860018      -0.0182911       0.1105251       4.50125005e-02  3.56253279e-03 -2.55931543e-02 
     -0.0263162       0.0744757       0.0810185       3.48811143e-02 -8.61873583e-02 -3.57014221e-02 
     -0.0624336      -0.1916116      -0.1654774       7.61283558e-02  1.26036531e-01  9.79321642e-02 
     -0.0715769       0.1197459       0.0278368       2.44989735e-02 -4.73169796e-02 -7.52806182e-03 
      0.1423089       0.0491076      -0.0362018      -5.13664251e-02 -2.24536259e-02  1.12330475e-02 
     -0.0243818      -0.0009674       0.0047218      -1.67412418e-02 -3.65712560e-02  1.73720617e-02 
     -0.0329236      -0.0476820      -0.1604660       3.97698237e-02  2.55505291e-02  6.19146732e-02 
     -0.0610048       0.0311798      -0.0071233       9.56104155e-03 -1.78613944e-02  8.35839211e-03 
      0.0676978      -0.1095126       0.1337790      -3.67967615e-02  5.70046038e-02 -8.78572340e-02 
      0.0577443       0.0190188      -0.0225697      -5.15545487e-02 -3.99351184e-02  1.69555381e-02 
      0.0514495       0.0746335       0.0158763      -2.98629053e-02 -7.33583077e-02 -1.42471013e-03 
      0.0668635       0.0240656      -0.0668605      -4.73388574e-02 -4.19951270e-02  4.18157951e-02 
      0.0028760       0.0854414       0.0583010      -1.34975741e-02 -4.82184459e-02 -2.91778706e-02 
      0.0533537      -0.0320784       0.0359481      -1.98812751e-02  3.55837698e-03 -6.21921167e-03 
     -0.1410873      -0.0417166       0.0406583       1.27257384e-01  2.29695651e-02 -3.13592944e-02 
     -0.0123731       0.0693661       0.0728226       3.01428435e-02 -4.27807209e-02  3.61806653e-03 
      0.0490013      -0.0499157       0.1170934       5.05420756e-04  4.60726061e-02 -6.51793063e-02 
      0.0395580       0.0331376      -0.0819964      -5.23808531e-02 -6.98933591e-03  2.87765495e-02 
      0.0767455       0.0524331       0.0621464      -2.19129332e-02 -4.29897144e-02 -4.85838972e-02 
     -0.0671876      -0.1162091      -0.0183859       7.48702644e-02  3.74532626e-02 -2.95506790e-03 
     -0.0069205      -0.0042171      -0.0126106      -7.29244702e-03 -2.30961517e-02  1.39569636e-02 
      0.0432930      -0.0732659      -0.0376420      -4.78996229e-02  4.77522149e-02 -2.20681673e-02 
     -0.0003891       0.0602334       0.1066869       3.23825951e-02 -4.61435044e-02 -2.87529709e-02 
     -0.1173336       0.0583446      -0.0153077       8.35644789e-02 -2.24593717e-02  7.31181186e-03 
     -0.0610727       0.0279088      -0.0072348       2.78846772e-02 -5.39536809e-03 -4.22390527e-03 
     -0.0577466      -0.0489990       0.1054763       4.37869193e-02  4.36589754e-02 -9.54417389e-02 
     -0.0060687       0.1187383       0.0130351       2.85350835e-02 -5.21987573e-02 -2.31750979e-02 
      0.0000945      -0.0442235      -0.0850370       3.08829238e-02  1.03249288e-01  5.63088760e-03 
     -0.0721498      -0.0569470      -0.0034222       7.06996157e-02  1.65401429e-02  8.09836912e-03 
      0.0374625      -0.0285783      -0.0276057      -1.13059788e-03 -1.54777123e-02  4.64064608e-02 
     -0.2054218      -0.0626034       0.1042899       1.23442537e-01  5.85401076e-02 -5.53265308e-02 
     -0.1200040      -0.1214189       0.1070705       9.83703784e-02  6.00787688e-02 -1.07730060e-01 
      0.0795178      -0.0853216       0.0445520      -4.60462322e-02  5.54416425e-02 -2.85867466e-03 
      0.0116204       0.0472523       0.0105496      -4.24400306e-02 -2.06871077e-02  1.02931062e-02 
     -0.0493042       0.0204815       0.1473678      -1.65975887e-02 -5.25163937e-02 -1.18064331e-01 
     -0.0701708      -0.0353664       0.0168365       2.40961986e-02  8.28721489e-03  2.35703251e-02 
      0.1504122      -0.0368114      -0.0394316      -6.68126268e-02  4.26922371e-02  7.32639852e-02 
      0.0124420       0.0240612      -0.0413676       1.44443746e-03  3.85398470e-03 -2.62497036e-02 
      0.0622765       0.0458148      -0.0410769      -3.35901907e-02 -8.32778179e-02 -1.93930605e-02 
     -0.0167882      -0.0507972      -0.1085810       2.54915065e-02  6.37240839e-02  4.06286934e-02 
     -0.0644457       0.0823236      -0.0244927       4.32976394e-02 -5.80186486e-02  5.71906298e-03 
     -0.0209843      -0.0648723      -0.0596634       4.28082842e-02  1.58944066e-02  4.85439668e-02 
     -0.0917449      -0.0819826       0.0221496       5.89361477e-02  2.56230108e-02  2.61657906e-02 
      0.0362404       0.0002896      -0.1172742       8.59481474e-03 -1.53682943e-02  5.58506167e-02 
# set: 0004 config: 0003  energy: 8.585566e-02 eV/at
     -0.0225866      -0.0260274       0.0944403      -1.57970281e-02  6.36022273e-04 -5.00907658e-02 
      0.1493138       0.1794463       0.1300929      -5.68928467e-02 -7.39993115e-02 -5.07711278e-02 
     -0.0152287      -0.0298822      -0.1317116       3.59255286e-02  1.64668549e-02  4.19091943e-02 
     -0.1646552       0.0058483      -0.0218335       8.20282983e-02  4.70890755e-03 -2.41544704e-03 
     -0.2357180      -0.0861260       0.0269213       8.31428583e-02  4.26194364e-02 -8.53047660e-03 
     -0.1427916      -0.0065476       0.0141637       6.87083383e-02  1.72767862e-02  1.39210156e-02 
      0.2003604      -0.0877091       0.1031719      -9.47967843e-02  5.16645248e-02 -5.14611740e-02 
      0.1255293       0.1008609      -0.0697919      -4.01354243e-02 -4.31114777e-02  2.59316343e-02 
      0.0149309       0.0390129       0.0704013      -1.33982090e-02 -3.51174444e-02 -2.57089564e-02 
      0.0285090      -0.1457146      -0.0808629      -4.29502975e-02  5.87530687e-02 -3.19255933e-04 
      0.1215193       0.0828820       0.0164451      -9.60479887e-02 -4.08112742e-02  1.29835570e-02 
     -0.0101913       0.1016737      -0.0228260       1.46254556e-02 -7.41762600e-02 -1.76038524e-02 
      0.1407305      -0.0643632       0.1284498      -7.92232069e-02  3.36525005e-02 -4.82222213e-02 
     -0.0509383       0.0352192       0.1547788       2.13658587e-02 -3.58068488e-02 -7.17707974e-02 
      0.0526258      -0.0931543       0.0276466      -5.50351649e-02  4.42419659e-02 -3.22894254e-03 
      0.0067907       0.1765570      -0.0171451      -4.51882305e-02 -8.60275032e-02  3.35266301e-02 
      0.0300447       0.0444007      -0.0558253      -6.87227994e-03 -1.12244749e-02  7.84264820e-02 
     -0.1271354      -0.0145678      -0.0841679       1.44692306e-01  1.00429650e-01  7.27993488e-02 
     -0.0741387      -0.0116678       0.0444905       1.61629632e-02  3.06096182e-02 -5.33880055e-03 
     -0.0756782       0.0831115      -0.0056585       6.12756872e-02 -5.94639841e-02 -3.24194824e-03 
      0.1595377      -0.0149738      -0.0276014      -4.16207695e-02  2.29545537e-03 -4.39742493e-03 
     -0.1036677       0.0917884      -0.0648447       6.67902388e-02 -3.43622118e-02  1.40877697e-02 
      0.0371129      -0.0381475       0.0598330      -3.73778144e-02  1.86067829e-02  4.03743629e-03 
     -0.1303861       0.1435449       0.0963578       1.45276137e-01 -1.48630832e-01 -1.36121637e-01 
      0.0903549       0.0696081       0.0712194      -5.33086287e-02 -2.07612374e-02 -3.10629947e-02 
     -0.0986379       0.0544696       0.0507234       4.29264070e-02 -6.49354604e-02 -9.73273632e-03 
     -0.0540962      -0.1042642      -0.1156985       1.78580406e-02  1.30966863e-02  4.94784513e-02 
     -0.0849994       0.0356601       0.1131192       2.44119825e-03 -1.29549417e-02 -1.36907997e-02 
      0.0157843       0.0129043      -0.0440007       1.01958476e-02 -7.75340282e-03  6.88510206e-03 
     -0.1169418      -0.0439811      -0.0597170       7.48008285e-02  1.52915630e-02  3.99531554e-02 
     -0.0193681       0.1544959      -0.0893841       2.81232432e-02 -6.48114603e-02  1.76350445e-02 
      0.1905463      -0.0962087      -0.0978849      -7.17949649e-02  1.83518286e-02  3.04671128e-02 
     -0.0981749      -0.1332743      -0.0299996       9.59669706e-04  7.56992260e-02  8.31436292e-02 
      0.0108181       0.0004164       0.0631468       9.42828415e-03 -2.93975775e-03 -8.47563983e-03 
      0.0100166      -0.0976098      -0.0855028      -7.31110983e-03  6.01750745e-02  3.09651788e-02 
     -0.0353079      -0.0127012      -0.0935095       1.97333269e-02 -3.31632472e-02  6.07181939e-02 
     -0.0474609      -0.1371393      -0.0845461       3.10265544e-02  6.13066875e-02 -3.22383617e-03 
      0.0549064       0.0119499       0.1422111      -8.60597076e-02 -4.62976565e-02 -7.04861252e-02 
     -0.0541099       0.0108692       0.0797177       2.55882358e-02  1.32961893e-02 -1.47407995e-02 
      0.0832781       0.0840349      -0.0655903       4.33470322e-04 -6.13056456e-02  3.29097241e-02 
     -0.0128198      -0.0081132       0.0487986      -1.54504773e-02  5.34683399e-02 -1.77823209e-02 
     -0.0179655      -0.0330637      -0.0011240      -3.36959768e-02 -7.99599128e-03 -1.21257467e-02 
      0.0233720      -0.0191669       0.0036585       2.07803618e-02  4.78022289e-02  6.95657371e-04 
     -0.0928057      -0.0585382      -0.0295522       5.77986897e-02  1.72704100e-02  2.12034880e-02 
     -0.0133662      -0.1193746      -0.0496815      -1.12130288e-02  7.92335320e-02  5.01328975e-02 
      0.0349588       0.0637293      -0.0453783       3.43500614e-02 -4.32436638e-02  3.28004127e-02 
     -0.0343221      -0.0131064       0.0733964       5.36810664e-02 -2.05078251e-02 -1.86678205e-02 
     -0.2088519       0.0446511       0.0001321       1.27114450e-01 -3.31228299e-02  4.11219665e-02 
      0.1043789      -0.0062727       0.0560557      -2.21781061e-02 -1.03847257e-02 -5.24596258e-03 
      0.2628837       0.1768239       0.0956252      -2.25734395e-01 -1.65434938e-01 -1.48277960e-01 
     -0.1659783       0.0104648       0.1853642       4.75592822e-02  1.14843446e-02 -7.65105618e-02 
     -0.1107381       0.0882104       0.1771178       3.94714234e-02 -2.05293890e-02 -1.20643455e-01 
      0.0476995      -0.1158253      -0.0215157      -4.44704332e-02  1.09280828e-01  2.89779833e-02 
      0.0057080      -0.0382970      -0.0272629       2.66912102e-02  2.24973298e-03 -8.52034126e-03 
      0.0601287      -0.0858368       0.0230464      -1.44173745e-03  3.37113379e-02 -1.78527323e-02 
     -0.0764419       0.1561801      -0.0871061       3.15553246e-02 -6.41653824e-02  6.47874309e-02 
      0.0128531       0.0123682      -0.0446130      -4.48338064e-03  1.82351168e-03  5.45639170e-02 
     -0.1441231       0.0087667       0.0853272       7.76725481e-02  3.32714104e-02 -6.47861443e-02 
      0.0121760      -0.0989327      -0.1468645      -3.84627019e-02  9.03608471e-02  6.48171501e-02 
      0.0551849       0.0109813      -0.0231791      -3.87543207e-02  1.03937607e-02  2.13172516e-02 
      0.0685427       0.0293952      -0.1516492      -2.11930951e-02  4.18896867e-02  7.04472715e-02 
     -0.0048058      -0.0559534       0.0873121      -2.85588329e-02  4.07302141e-03 -7.32100177e-02 
      0.1631212      -0.0824245      -0.1622136      -1.64695887e-01  1.50479016e-01  1.48397151e-01 
      0.0524435       0.0324323       0.0763461      -2.60403659e-02 -4.29316592e-02 -5.47824142e-02 
# set: 0005 config: 0004  energy: 7.219560e-02 eV/at
      0.0754897       0.0169111      -0.0109191      -3.03374070e-02 -2.15718726e-02  1.81364961e-02 
      0.0588776       0.0427755      -0.0159258      -4.19567342e-04 -7.51778297e-03 -2.08800999e-02 
      0.0051337       0.0086595       0.1770108      -1.59601888e-02  1.24294595e-02 -9.45544210e-02 
      0.2220396       0.0628589      -0.0992404      -1.03783818e-01 -7.28173858e-02  5.83920688e-02 
      0.0618863       0.1706681       0.1827434       1.46864244e-02 -4.95588385e-02 -8.25815441e-02 
     -0.0175217      -0.0807552       0.0352748       2.53187683e-02  6.54921521e-02  8.56874033e-03 
     -0.1458943       0.0022528       0.0168730       1.29171836e-01 -2.82573926e-02 -2.74198079e-03 
      0.0410782       0.0165343      -0.1119128       1.96097912e-02  4.18086398e-02  1.55155015e-02 
      0.0621215       0.1019623       0.0192996       8.12082562e-03 -3.99053036e-02  2.95847450e-02 
     -0.0557711       0.0177893       0.1257354       2.45181190e-02 -5.34760646e-02 -5.90832188e-02 
      0.0690110      -0.0037011      -0.0027777      -8.29254676e-02 -1.90656513e-03  2.18367861e-02 
      0.0261129      -0.0448194       0.1114176      -2.52980954e-02  1.17725170e-02 -2.88619292e-02 
     -0.0476966       0.0684231       0.0660046       1.73435926e-02 -3.83035773e-02 -4.00974332e-02 
     -0.0870278       0.0443706      -0.0106023       8.72973806e-02 -5.76585281e-02  9.69189121e-03 
     -0.0970453       0.1204075      -0.0027542       7.44023544e-02 -6.77848192e-02 -3.51978561e-02 
     -0.0920119      -0.0739877      -0.0192355       4.61989977e-02  3.63631372e-02  1.05658689e-02 
     -0.0128217       0.0777703      -0.1232692       3.76533354e-02 -5.84409327e-02  4.54469393e-02 
      0.0784852       0.1559017      -0.1209344      -3.16043662e-02 -7.95987414e-02  5.56212339e-02 
      0.1156718      -0.0139092       0.0381663      -4.95007215e-02  2.12937259e-03 -4.31385941e-02 
     -0.0471063       0.1100019      -0.1162259       2.25562508e-02 -4.99845328e-02  6.60929113e-02 
      0.0385749       0.1053400       0.1635911      -3.98185121e-03 -5.06875543e-02 -8.78132583e-02 
     -0.1005540      -0.0767990       0.0179529       2.22241688e-02  6.51910969e-02 -2.54241184e-02 
      0.2045332      -0.2250997      -0.1029528      -7.80310619e-02  1.08629487e-01  5.27518591e-02 
     -0.0534211      -0.1180672      -0.0114882       3.03585275e-02  8.36729257e-02 -7.96558293e-03 
      0.0231158       0.0589896       0.0575827      -1.28113679e-02  1.59927713e-02 -3.43487242e-02 
     -0.0247593       0.0253349      -0.1385688       5.93218393e-03  5.61876673e-04  6.92659304e-02 
     -0.0846469       0.0748769      -0.0643015       7.75661518e-02 -6.82363417e-02 -3.26003270e-03 
      0.0016987      -0.1454350      -0.0467026       4.58608153e-02  9.05944783e-02  3.50718873e-02 
     -0.0911301       0.1073852       0.0018674       4.22261108e-02 -3.46695818e-02 -1.93041349e-02 
      0.0728191      -0.0499300      -0.0475911      -2.26066774e-02  2.25374184e-02  2.33490594e-02 
     -0.0053383       0.0292011      -0.0224774       2.93016358e-02 -3.12994213e-02  4.81826994e-04 
      0.0683649       0.1973974       0.0813304      -2.71379231e-02 -9.51343642e-02 -5.37124324e-02 
      0.0845611      -0.0504157      -0.0575140      -3.13227688e-02  1.03113206e-02  4.19350198e-02 
      0.0968435       0.0054616      -0.0163511      -5.02243303e-02  1.46148656e-03 -6.51733038e-03 
     -0.1681637      -0.0775042       0.0200758       7.78121714e-02  2.11517697e-02  2.27881131e-02 
      0.0423743      -0.1239818      -0.0242301      -7.36388795e-03  8.95375989e-02  1.19734315e-03 
      0.0340729      -0.0718538      -0.0507471      -9.20603598e-04  9.04118641e-02  9.11851107e-02 
     -0.0470366       0.0859695       0.0044310       3.21421855e-02 -4.72905408e-02  2.61595699e-02 
      0.1122023      -0.0456275       0.1399160      -7.76772523e-02  2.07570745e-02 -6.95077122e-02 
      0.0220548       0.1260561      -0.0047243      -1.87936004e-02 -7.08171512e-02  3.54050415e-02 
      0.0710499       0.0287569       0.2066327       6.07047397e-03  3.70855687e-03 -1.22493397e-01 
      0.0098165      -0.0007453       0.0117385      -1.68182232e-03  1.00501269e-02  6.90470493e-03 
      0.0624719      -0.0865096      -0.0199874       3.05215922e-02  4.04876128e-02 -2.42148990e-02 
      0.0817295      -0.0688398      -0.0562043      -6.24877521e-02  8.37950083e-02  4.40511218e-02 
      0.1397087      -0.0105290      -0.0445062      -8.62636442e-02  1.41725081e-02  2.40572048e-02 
      0.0195836       0.0227395       0.0211874      -4.07975742e-02  2.52323023e-02  8.82632935e-03 
      0.1524878       0.1085098      -0.1815388      -6.59796716e-02 -5.42688946e-02  8.84827981e-02 
     -0.0634685      -0.0480778       0.0729479       2.04645733e-02  2.13315303e-02 -3.65571411e-02 
      0.0893417      -0.0531272       0.0902288      -4.38599342e-02 -5.22408832e-03 -5.78501011e-02 
      0.0918282      -0.1489615      -0.0713526      -3.69267170e-02  8.85256482e-02  5.17435111e-02 
     -0.0594162      -0.0570495      -0.0692688       5.49966347e-02  2.85747144e-02 -6.35791399e-03 
     -0.0661578       0.0770546       0.0277404       5.65137674e-02 -3.06474782e-02 -6.35594021e-02 
      0.0235312       0.0596078      -0.0453889       5.81411205e-03 -3.78737420e-02  5.32398788e-02 
      0.0313327       0.0358499      -0.1216573      -5.78494586e-02  2.36784180e-03  7.73574025e-02 
      0.0157224       0.0678372       0.0217103       7.19915517e-03 -2.99089054e-02  8.58536510e-03 
      0.0068532      -0.0018759       0.0382175      -5.11457036e-03  5.99262257e-03 -4.96508959e-02 
     -0.0209352       0.0899191       0.0614134       4.69180855e-02  1.49686923e-02 -5.25222764e-02 
     -0.0755063      -0.0197666       0.1284812       4.38523126e-02  9.54124266e-03 -6.43893225e-02 
     -0.0089133       0.0219296      -0.0976173       5.43031223e-03  1.82297798e-02  1.38297782e-02 
      0.1734985       0.0271201      -0.0130706      -9.43814435e-02 -4.07892665e-02 -2.62015542e-02 
     -0.0343250       0.1244365      -0.0198736       5.33656120e-02 -4.97922726e-02 -1.45142746e-02 
     -0.0447568       0.0058870      -0.0152194       1.64865780e-02  3.37701769e-02  1.45454701e-02 
     -0.0070151       0.0258745      -0.0795433      -1.19898428e-02 -1.05530833e-02  3.49396752e-02 
      0.0653753      -0.0826804      -0.1078356      -3.99014492e-02  9.24202127e-02  6.76943961e-02 
